{
  "harmful_mouse" : {
    "frames" : [ [ "id", "timestamp", {
      "hands" : [ [ "id", "type", "direction", "palmNormal", "palmPosition", "palmVelocity", "stabilizedPalmPosition", "pinchStrength", "grabStrength", "confidence", "armBasis", "armWidth", "elbow", "wrist" ] ]
    }, {
      "pointables" : [ [ "id", "direction", "handId", "length", "stabilizedTipPosition", "tipPosition", "tipVelocity", "tool", "carpPosition", "mcpPosition", "pipPosition", "dipPosition", "btipPosition", "bases", "type" ] ]
    }, {
      "interactionBox" : [ "center", "size" ]
    } ], [ 140596, 45044032970, [ [ 154, "right", [ 0.0755693, 0.457385, -0.886052 ], [ -0.282564, -0.842346, -0.458923 ], [ 6.98184, 85.0783, 38.7343 ], [ -4.37265, 0.521798, -5.39461 ], [ 10.8504, 88.7716, 45.47 ], 0.36034, 0.556281, 0.888771, [ [ 0.92827, -0.207073, -0.308926 ], [ 0.292154, 0.920015, 0.261188 ], [ 0.230131, -0.332707, 0.914519 ] ], 53.9789, [ 63.3707, -10.7009, 289.695 ], [ 10.734, 65.3973, 80.5226 ] ] ], [ [ 1540, [ -0.147453, -0.0598733, -0.987255 ], 154, 44.1492, [ -48.1105, 70.0016, 7.57404 ], [ -49.453, 70.5395, 6.00181 ], [ -6.10901, -1.82474, -1.16194 ], false, [ -15.164, 63.2486, 80.4763 ], [ -15.164, 63.2486, 80.4763 ], [ -42.3363, 72.9326, 49.5564 ], [ -46.5953, 71.2032, 21.0412 ], [ -50.3934, 70.4821, 1.59597 ], [ [ [ 0.652278, 0.727966, 0.211185 ], [ -0.672724, 0.427611, 0.603814 ], [ 0.349251, -0.535924, 0.768641 ] ], [ [ 0.452731, 0.883373, -0.121192 ], [ -0.618167, 0.408911, 0.671312 ], [ 0.642576, -0.229008, 0.731199 ] ], [ [ 0.452731, 0.883373, -0.121192 ], [ -0.87937, 0.464831, 0.103149 ], [ 0.147453, 0.0598733, 0.987255 ] ], [ [ 0.452731, 0.883373, -0.121192 ], [ -0.870823, 0.467258, 0.152764 ], [ 0.191575, 0.0363755, 0.980804 ] ] ], 0 ], [ 1541, [ -0.339232, -0.49894, -0.797484 ], 154, 49.8174, [ -31.8497, 70.1406, -32.0275 ], [ -34.2589, 70.9088, -33.3537 ], [ -6.4448, -0.876596, -4.61752 ], false, [ -3.26499, 79.3999, 79.5981 ], [ -11.1816, 102.352, 22.1991 ], [ -23.5022, 87.3213, -8.57175 ], [ -30.4481, 77.1053, -24.9006 ], [ -35.342, 69.1889, -35.9852 ], [ [ [ 0.95538, -0.204204, -0.213424 ], [ 0.266671, 0.907012, 0.325908 ], [ 0.127026, -0.36828, 0.920996 ] ], [ [ 0.940654, -0.171294, -0.292964 ], [ 0.0238319, 0.894478, -0.446476 ], [ 0.338529, 0.412998, 0.845477 ] ], [ [ 0.940654, -0.171294, -0.292964 ], [ -0.00956697, 0.849539, -0.527438 ], [ 0.339232, 0.49894, 0.797484 ] ], [ [ 0.940654, -0.171294, -0.292964 ], [ -0.0290521, 0.819453, -0.57241 ], [ 0.338121, 0.546951, 0.765845 ] ] ], 1 ], [ 1542, [ -0.314459, -0.461986, -0.829268 ], 154, 56.763, [ -13.9446, 64.2313, -42.1497 ], [ -16.317, 65.2256, -43.6244 ], [ -6.51649, -1.52916, -5.10416 ], false, [ 6.91447, 78.7845, 77.4063 ], [ 7.18365, 98.6183, 21.7319 ], [ -4.60949, 82.5257, -13.8938 ], [ -12.1846, 71.3968, -33.8702 ], [ -17.4147, 63.4293, -46.6212 ], [ [ [ 0.904205, -0.403694, -0.139443 ], [ 0.427074, 0.851125, 0.305276 ], [ -0.00455454, -0.335584, 0.941999 ] ], [ [ 0.903708, -0.413089, -0.112555 ], [ 0.316059, 0.820991, -0.475479 ], [ 0.288822, 0.39412, 0.872497 ] ], [ [ 0.903708, -0.413089, -0.112555 ], [ 0.290562, 0.78481, -0.5474 ], [ 0.314459, 0.461986, 0.829268 ] ], [ [ 0.903708, -0.413089, -0.112555 ], [ 0.274542, 0.760829, -0.588018 ], [ 0.328539, 0.500496, 0.800978 ] ] ], 2 ], [ 1543, [ -0.276957, -0.45495, -0.846354 ], 154, 54.5791, [ 8.20741, 59.0622, -36.733 ], [ 5.47764, 59.7885, -38.3174 ], [ -6.90202, -1.91602, -5.27341 ], false, [ 16.6073, 75.4863, 75.5404 ], [ 24.4748, 90.8416, 25.3596 ], [ 15.6936, 76.4391, -8.52293 ], [ 9.19418, 65.7627, -28.3844 ], [ 4.40707, 57.8935, -41.256 ], [ [ [ 0.858895, -0.511683, -0.0219137 ], [ 0.490222, 0.808977, 0.324406 ], [ -0.148266, -0.289373, 0.945664 ] ], [ [ 0.855519, -0.51777, -0.00163382 ], [ 0.462884, 0.766236, -0.44567 ], [ 0.232006, 0.380523, 0.895196 ] ], [ [ 0.855519, -0.51777, -0.00163382 ], [ 0.437473, 0.724524, -0.532618 ], [ 0.276957, 0.45495, 0.846354 ] ], [ [ 0.855519, -0.51777, -0.00163382 ], [ 0.420251, 0.696224, -0.581946 ], [ 0.302451, 0.497179, 0.813226 ] ] ], 3 ], [ 1544, [ -0.12593, -0.491025, -0.861996 ], 154, 42.789, [ 36.3694, 52.2387, -19.6085 ], [ 33.7385, 53.2907, -22.0564 ], [ -6.41317, -1.34774, -5.99633 ], false, [ 24.2951, 66.3768, 73.7304 ], [ 38.5707, 79.9338, 28.7274 ], [ 37.8209, 67.2221, 1.61507 ], [ 35.7344, 59.0864, -12.6672 ], [ 33.0107, 51.3803, -24.7671 ], [ [ [ 0.743077, -0.668321, 0.0343858 ], [ 0.602806, 0.690778, 0.399313 ], [ -0.290622, -0.275992, 0.91617 ] ], [ [ 0.613731, -0.721233, 0.32118 ], [ 0.789118, 0.547473, -0.278507 ], [ 0.025031, 0.424377, 0.905139 ] ], [ [ 0.613731, -0.721233, 0.32118 ], [ 0.779407, 0.488588, -0.392182 ], [ 0.12593, 0.491025, 0.861996 ] ], [ [ 0.613731, -0.721233, 0.32118 ], [ 0.767162, 0.448665, -0.458434 ], [ 0.186536, 0.527753, 0.828662 ] ] ], 4 ] ], [ [ 0, 200, 0 ], [ 235.247, 235.247, 147.751 ] ] ], [ 140597, 45044042893, [ [ 154, "right", [ 0.0749496, 0.456991, -0.886308 ], [ -0.282548, -0.84265, -0.458374 ], [ 6.9279, 85.0884, 38.6831 ], [ -4.68952, 0.667345, -5.32509 ], [ 10.8501, 88.7714, 45.4696 ], 0.359323, 0.556009, 0.890183, [ [ 0.928332, -0.206894, -0.308859 ], [ 0.291997, 0.920015, 0.261363 ], [ 0.23008, -0.332818, 0.914492 ] ], 53.9789, [ 63.3336, -10.6954, 289.645 ], [ 10.7087, 65.4282, 80.4786 ] ] ], [ [ 1540, [ -0.148152, -0.0601973, -0.987131 ], 154, 44.1492, [ -48.1163, 70.0041, 7.56802 ], [ -49.5199, 70.5221, 5.9862 ], [ -6.25401, -1.75895, -1.36373 ], false, [ -15.1887, 63.2714, 80.4473 ], [ -15.1887, 63.2714, 80.4473 ], [ -42.3752, 72.9334, 49.5331 ], [ -46.6543, 71.1947, 21.0215 ], [ -50.4607, 70.4639, 1.57818 ], [ [ [ 0.652165, 0.728268, 0.21049 ], [ -0.672532, 0.427687, 0.603975 ], [ 0.349832, -0.535453, 0.768706 ] ], [ [ 0.452445, 0.883438, -0.121778 ], [ -0.618026, 0.40906, 0.671352 ], [ 0.642913, -0.228488, 0.731065 ] ], [ [ 0.452445, 0.883438, -0.121778 ], [ -0.8794, 0.464664, 0.103647 ], [ 0.148152, 0.0601973, 0.987131 ] ], [ [ 0.452445, 0.883438, -0.121778 ], [ -0.87088, 0.467095, 0.152936 ], [ 0.191991, 0.0368592, 0.980704 ] ] ], 0 ], [ 1541, [ -0.339112, -0.498893, -0.797564 ], 154, 49.8174, [ -31.8537, 70.142, -32.0299 ], [ -34.3276, 70.8963, -33.3979 ], [ -6.31255, -0.701758, -4.85562 ], false, [ -3.29515, 79.426, 79.5551 ], [ -11.2498, 102.349, 22.1495 ], [ -23.5654, 87.3166, -8.62272 ], [ -30.5089, 77.1015, -24.9532 ], [ -35.4012, 69.1863, -36.0392 ], [ [ [ 0.955329, -0.204007, -0.213842 ], [ 0.266564, 0.907248, 0.325337 ], [ 0.127637, -0.367806, 0.921101 ] ], [ [ 0.9407, -0.171413, -0.292749 ], [ 0.0240179, 0.894439, -0.446544 ], [ 0.33839, 0.413033, 0.845515 ] ], [ [ 0.9407, -0.171413, -0.292749 ], [ -0.00933695, 0.849543, -0.527437 ], [ 0.339112, 0.498893, 0.797564 ] ], [ [ 0.9407, -0.171413, -0.292749 ], [ -0.0288028, 0.81948, -0.572384 ], [ 0.338016, 0.546873, 0.765947 ] ] ], 1 ], [ 1542, [ -0.314285, -0.462041, -0.829303 ], 154, 56.763, [ -13.947, 64.2324, -42.1514 ], [ -16.3834, 65.2072, -43.6724 ], [ -6.27136, -1.34819, -5.28204 ], false, [ 6.88332, 78.8128, 77.358 ], [ 7.11633, 98.6204, 21.6742 ], [ -4.67277, 82.5173, -13.9481 ], [ -12.2436, 71.3871, -33.9254 ], [ -17.4704, 63.4203, -46.6782 ], [ [ [ 0.904256, -0.403478, -0.13974 ], [ 0.426973, 0.851402, 0.304644 ], [ -0.00394265, -0.335142, 0.94216 ] ], [ [ 0.903762, -0.413016, -0.112393 ], [ 0.315996, 0.820905, -0.475669 ], [ 0.288723, 0.394376, 0.872414 ] ], [ [ 0.903762, -0.413016, -0.112393 ], [ 0.290585, 0.784816, -0.54738 ], [ 0.314285, 0.462041, 0.829303 ] ], [ [ 0.903762, -0.413016, -0.112393 ], [ 0.274617, 0.760899, -0.587893 ], [ 0.328329, 0.500451, 0.801093 ] ] ], 2 ], [ 1543, [ -0.276851, -0.455167, -0.846272 ], 154, 54.5791, [ 8.20444, 59.0629, -36.7347 ], [ 5.40838, 59.7678, -38.3649 ], [ -6.62451, -1.73254, -5.33832 ], false, [ 16.5761, 75.5166, 75.4885 ], [ 24.4119, 90.8508, 25.2963 ], [ 15.6297, 76.4327, -8.57944 ], [ 9.13282, 65.7512, -28.439 ], [ 4.34845, 57.8802, -41.3104 ], [ [ [ 0.859042, -0.511426, -0.0221353 ], [ 0.490144, 0.809282, 0.323761 ], [ -0.147666, -0.288974, 0.94588 ] ], [ [ 0.85562, -0.517602, -0.00151737 ], [ 0.462683, 0.766145, -0.446033 ], [ 0.23203, 0.380933, 0.895015 ] ], [ [ 0.85562, -0.517602, -0.00151737 ], [ 0.437341, 0.724508, -0.532749 ], [ 0.276851, 0.455167, 0.846272 ] ], [ [ 0.85562, -0.517602, -0.00151737 ], [ 0.420169, 0.696265, -0.581956 ], [ 0.302278, 0.497296, 0.813219 ] ] ], 3 ], [ 1544, [ -0.125738, -0.491367, -0.861828 ], 154, 42.789, [ 36.3676, 52.2393, -19.61 ], [ 33.6737, 53.2783, -22.1079 ], [ -6.10231, -1.20413, -5.85768 ], false, [ 24.2658, 66.4088, 73.6787 ], [ 38.513, 79.949, 28.6616 ], [ 37.7605, 67.2222, 1.55642 ], [ 35.6771, 59.0808, -12.723 ], [ 32.9586, 51.3708, -24.8217 ], [ [ [ 0.743304, -0.668074, 0.0343004 ], [ 0.602805, 0.691154, 0.398663 ], [ -0.290043, -0.275651, 0.916456 ] ], [ [ 0.613978, -0.720906, 0.321443 ], [ 0.788923, 0.547514, -0.278978 ], [ 0.0251223, 0.424881, 0.904901 ] ], [ [ 0.613978, -0.720906, 0.321443 ], [ 0.779244, 0.488726, -0.392334 ], [ 0.125738, 0.491367, 0.861828 ] ], [ [ 0.613978, -0.720906, 0.321443 ], [ 0.767051, 0.44888, -0.45841 ], [ 0.186181, 0.528017, 0.828574 ] ] ], 4 ] ], [ [ 0, 200, 0 ], [ 235.247, 235.247, 147.751 ] ] ], [ 140598, 45044050468, [ [ 154, "right", [ 0.0744787, 0.456672, -0.886512 ], [ -0.282532, -0.842893, -0.457939 ], [ 6.88584, 85.0964, 38.6422 ], [ -4.89372, 0.759446, -5.34338 ], [ 10.8499, 88.7712, 45.4692 ], 0.358733, 0.555759, 0.891565, [ [ 0.928381, -0.206752, -0.308807 ], [ 0.291873, 0.920014, 0.261503 ], [ 0.230041, -0.332907, 0.914469 ] ], 53.9789, [ 63.3044, -10.6909, 289.605 ], [ 10.6884, 65.453, 80.4436 ] ] ], [ [ 1540, [ -0.148631, -0.0604719, -0.987042 ], 154, 44.1492, [ -48.121, 70.006, 7.56325 ], [ -49.5673, 70.5072, 5.97037 ], [ -6.11281, -1.82114, -1.65569 ], false, [ -15.2085, 63.29, 80.4237 ], [ -15.2085, 63.29, 80.4237 ], [ -42.4025, 72.9333, 49.5102 ], [ -46.6955, 71.1867, 21.0012 ], [ -50.5041, 70.4464, 1.55869 ], [ [ [ 0.652075, 0.728506, 0.209948 ], [ -0.672389, 0.427754, 0.604086 ], [ 0.350274, -0.535076, 0.768767 ] ], [ [ 0.452236, 0.883484, -0.122226 ], [ -0.617995, 0.409208, 0.671291 ], [ 0.64309, -0.228047, 0.731047 ] ], [ [ 0.452236, 0.883484, -0.122226 ], [ -0.879427, 0.464543, 0.103965 ], [ 0.148631, 0.0604719, 0.987042 ] ], [ [ 0.452236, 0.883484, -0.122226 ], [ -0.870964, 0.466972, 0.152834 ], [ 0.192103, 0.0373373, 0.980664 ] ] ], 0 ], [ 1541, [ -0.338995, -0.498893, -0.797614 ], 154, 49.8174, [ -31.8567, 70.1431, -32.0318 ], [ -34.3794, 70.8844, -33.4334 ], [ -6.20934, -0.7121, -5.02558 ], false, [ -3.31921, 79.4471, 79.5205 ], [ -11.3028, 102.346, 22.1094 ], [ -23.6135, 87.3104, -8.66306 ], [ -30.5545, 77.0954, -24.9945 ], [ -35.4454, 69.1808, -36.0817 ], [ [ [ 0.955291, -0.203858, -0.214153 ], [ 0.266477, 0.907436, 0.324884 ], [ 0.1281, -0.367425, 0.921189 ] ], [ [ 0.940744, -0.171521, -0.292543 ], [ 0.0241671, 0.894375, -0.446665 ], [ 0.338256, 0.413128, 0.845523 ] ], [ [ 0.940744, -0.171521, -0.292543 ], [ -0.00914026, 0.849521, -0.527475 ], [ 0.338995, 0.498893, 0.797614 ] ], [ [ 0.940744, -0.171521, -0.292543 ], [ -0.0285828, 0.819486, -0.572387 ], [ 0.337911, 0.546831, 0.766023 ] ] ], 1 ], [ 1542, [ -0.314063, -0.461943, -0.829442 ], 154, 56.763, [ -13.9489, 64.2332, -42.1527 ], [ -16.43, 65.1986, -43.7158 ], [ -5.96645, -0.969099, -5.66533 ], false, [ 6.85851, 78.8354, 77.3195 ], [ 7.06409, 98.622, 21.628 ], [ -4.719, 82.5144, -13.9942 ], [ -12.2845, 71.3865, -33.9748 ], [ -17.5072, 63.423, -46.7313 ], [ [ [ 0.904296, -0.403313, -0.139954 ], [ 0.426892, 0.851621, 0.304147 ], [ -0.00347846, -0.334784, 0.942288 ] ], [ [ 0.903804, -0.412971, -0.112223 ], [ 0.316011, 0.820875, -0.475712 ], [ 0.288576, 0.394487, 0.872413 ] ], [ [ 0.903804, -0.412971, -0.112223 ], [ 0.290695, 0.784897, -0.547205 ], [ 0.314063, 0.461943, 0.829442 ] ], [ [ 0.903804, -0.412971, -0.112223 ], [ 0.274785, 0.761058, -0.587609 ], [ 0.328073, 0.500246, 0.801325 ] ] ], 2 ], [ 1543, [ -0.276548, -0.455084, -0.846416 ], 154, 54.5791, [ 8.20216, 59.0634, -36.7361 ], [ 5.36459, 59.7604, -38.4103 ], [ -6.03791, -1.15273, -5.81593 ], false, [ 16.5514, 75.541, 75.4473 ], [ 24.363, 90.8579, 25.246 ], [ 15.5866, 76.4337, -8.62854 ], [ 9.0968, 65.7542, -28.4915 ], [ 4.31841, 57.8864, -41.3671 ], [ [ [ 0.859157, -0.511227, -0.0222904 ], [ 0.49008, 0.809523, 0.323254 ], [ -0.147211, -0.28865, 0.94605 ] ], [ [ 0.855687, -0.517492, -0.00134222 ], [ 0.462636, 0.766139, -0.446094 ], [ 0.231878, 0.381096, 0.894985 ] ], [ [ 0.855687, -0.517492, -0.00134222 ], [ 0.437402, 0.724638, -0.532521 ], [ 0.276548, 0.455084, 0.846416 ] ], [ [ 0.855687, -0.517492, -0.00134222 ], [ 0.420305, 0.696494, -0.581584 ], [ 0.3019, 0.49709, 0.813485 ] ] ], 3 ], [ 1544, [ -0.125611, -0.491633, -0.861695 ], 154, 42.789, [ 36.3662, 52.2398, -19.6112 ], [ 33.6234, 53.2688, -22.1486 ], [ -5.97167, -1.10712, -5.8286 ], false, [ 24.2425, 66.4342, 73.6378 ], [ 38.4681, 79.9608, 28.6098 ], [ 37.7137, 67.223, 1.50981 ], [ 35.6325, 59.0773, -12.7674 ], [ 32.9173, 51.3641, -24.8648 ], [ [ [ 0.743479, -0.667881, 0.034252 ], [ 0.602801, 0.691451, 0.398154 ], [ -0.289603, -0.275372, 0.916679 ] ], [ [ 0.614189, -0.720645, 0.321626 ], [ 0.788757, 0.547573, -0.279332 ], [ 0.0251854, 0.425247, 0.904727 ] ], [ [ 0.614189, -0.720645, 0.321626 ], [ 0.779098, 0.488844, -0.392477 ], [ 0.125611, 0.491633, 0.861695 ] ], [ [ 0.614189, -0.720645, 0.321626 ], [ 0.766939, 0.449043, -0.458437 ], [ 0.185946, 0.528235, 0.828488 ] ] ], 4 ] ], [ [ 0, 200, 0 ], [ 235.247, 235.247, 147.751 ] ] ], [ 140599, 45044059427, [ [ 154, "right", [ 0.0740851, 0.456136, -0.886821 ], [ -0.282401, -0.843268, -0.457327 ], [ 6.81866, 85.1124, 38.5932 ], [ -5.60638, 1.0413, -5.37777 ], [ 10.8496, 88.7709, 45.4687 ], 0.358214, 0.554998, 0.880612, [ [ 0.928439, -0.206464, -0.308825 ], [ 0.291651, 0.92002, 0.26173 ], [ 0.230087, -0.333069, 0.914399 ] ], 53.9789, [ 63.2658, -10.6845, 289.551 ], [ 10.6392, 65.4965, 80.4059 ] ] ], [ [ 1540, [ -0.149066, -0.0609586, -0.986946 ], 154, 44.1492, [ -48.1269, 70.0082, 7.55738 ], [ -49.6348, 70.4886, 5.9422 ], [ -6.36233, -1.91345, -2.20784 ], false, [ -15.257, 63.3256, 80.3947 ], [ -15.257, 63.3256, 80.3947 ], [ -42.4535, 72.9395, 49.4742 ], [ -46.759, 71.1788, 20.9679 ], [ -50.5669, 70.4237, 1.52587 ], [ [ [ 0.651909, 0.728839, 0.209303 ], [ -0.672349, 0.427927, 0.604008 ], [ 0.350658, -0.534483, 0.769004 ] ], [ [ 0.451983, 0.883528, -0.122838 ], [ -0.61812, 0.409499, 0.670998 ], [ 0.643147, -0.227352, 0.731213 ] ], [ [ 0.451983, 0.883528, -0.122838 ], [ -0.879483, 0.464394, 0.104152 ], [ 0.149066, 0.0609586, 0.986946 ] ], [ [ 0.451983, 0.883528, -0.122838 ], [ -0.871104, 0.466827, 0.15248 ], [ 0.192064, 0.0380859, 0.980643 ] ] ], 0 ], [ 1541, [ -0.338682, -0.499221, -0.797542 ], 154, 49.8174, [ -31.8603, 70.1443, -32.034 ], [ -34.4436, 70.8556, -33.4774 ], [ -6.2014, -1.30957, -5.16007 ], false, [ -3.37301, 79.4857, 79.478 ], [ -11.38, 102.346, 22.0547 ], [ -23.6786, 87.2942, -8.71467 ], [ -30.6132, 77.0725, -25.0447 ], [ -35.4997, 69.1539, -36.1309 ], [ [ [ 0.955293, -0.203698, -0.214297 ], [ 0.266289, 0.907723, 0.324236 ], [ 0.128476, -0.366805, 0.921384 ] ], [ [ 0.940859, -0.17168, -0.292079 ], [ 0.0243491, 0.894138, -0.447128 ], [ 0.337922, 0.413573, 0.845438 ] ], [ [ 0.940859, -0.17168, -0.292079 ], [ -0.00888988, 0.849296, -0.527842 ], [ 0.338682, 0.499221, 0.797542 ] ], [ [ 0.940859, -0.17168, -0.292079 ], [ -0.0282965, 0.819272, -0.572707 ], [ 0.337615, 0.547101, 0.765961 ] ] ], 1 ], [ 1542, [ -0.313565, -0.461904, -0.829652 ], 154, 56.763, [ -13.951, 64.2341, -42.1542 ], [ -16.4825, 65.1827, -43.7715 ], [ -5.59879, -0.784354, -6.16353 ], false, [ 6.80427, 78.8759, 77.2745 ], [ 6.98788, 98.6274, 21.5705 ], [ -4.77906, 82.5083, -14.0519 ], [ -12.3326, 71.3814, -34.0376 ], [ -17.5466, 63.4211, -46.7997 ], [ [ [ 0.904381, -0.403122, -0.139958 ], [ 0.426715, 0.851944, 0.303489 ], [ -0.00310667, -0.334191, 0.9425 ] ], [ [ 0.903884, -0.412931, -0.111724 ], [ 0.316143, 0.82076, -0.475822 ], [ 0.28818, 0.394767, 0.872417 ] ], [ [ 0.903884, -0.412931, -0.111724 ], [ 0.290983, 0.784941, -0.546988 ], [ 0.313565, 0.461904, 0.829652 ] ], [ [ 0.903884, -0.412931, -0.111724 ], [ 0.27517, 0.761213, -0.587227 ], [ 0.32753, 0.500042, 0.801674 ] ] ], 2 ], [ 1543, [ -0.275932, -0.455044, -0.846638 ], 154, 54.5791, [ 8.19961, 59.0639, -36.7377 ], [ 5.31431, 59.7472, -38.463 ], [ -5.45066, -0.736344, -6.23796 ], false, [ 16.4976, 75.5832, 75.4015 ], [ 24.2902, 90.8709, 25.1884 ], [ 15.5284, 76.433, -8.68411 ], [ 9.05303, 65.7545, -28.5523 ], [ 4.28622, 57.8906, -41.4346 ], [ [ [ 0.859308, -0.510976, -0.0222132 ], [ 0.489922, 0.809878, 0.322604 ], [ -0.146853, -0.288099, 0.946273 ] ], [ [ 0.855775, -0.517348, -8.49974E-4 ], [ 0.462667, 0.766056, -0.446203 ], [ 0.231493, 0.381456, 0.894932 ] ], [ [ 0.855775, -0.517348, -8.49974E-4 ], [ 0.43762, 0.724766, -0.532168 ], [ 0.275932, 0.455044, 0.846638 ] ], [ [ 0.855775, -0.517348, -8.49974E-4 ], [ 0.420651, 0.696777, -0.580995 ], [ 0.301169, 0.496843, 0.813907 ] ] ], 3 ], [ 1544, [ -0.124943, -0.491927, -0.861625 ], 154, 42.789, [ 36.3645, 52.2403, -19.6128 ], [ 33.5692, 53.2583, -22.19 ], [ -5.47828, -0.860921, -5.69534 ], false, [ 24.1911, 66.4777, 73.5956 ], [ 38.3996, 79.9802, 28.555 ], [ 37.6558, 67.2284, 1.46136 ], [ 35.5857, 59.0778, -12.8147 ], [ 32.8828, 51.3615, -24.9128 ], [ [ [ 0.743695, -0.66763, 0.0344609 ], [ 0.6027, 0.691888, 0.397547 ], [ -0.289257, -0.274884, 0.916935 ] ], [ [ 0.614369, -0.720265, 0.322132 ], [ 0.788628, 0.547707, -0.279432 ], [ 0.0248309, 0.425716, 0.904516 ] ], [ [ 0.614369, -0.720265, 0.322132 ], [ 0.779064, 0.489107, -0.392216 ], [ 0.124943, 0.491927, 0.861625 ] ], [ [ 0.614369, -0.720265, 0.322132 ], [ 0.766998, 0.449399, -0.457989 ], [ 0.185108, 0.528449, 0.828539 ] ] ], 4 ] ], [ [ 0, 200, 0 ], [ 235.247, 235.247, 147.751 ] ] ], [ 140600, 45044067814, [ [ 154, "right", [ 0.07397, 0.455704, -0.887053 ], [ -0.282224, -0.843561, -0.456896 ], [ 6.75159, 85.1242, 38.5534 ], [ -6.22447, 1.13563, -5.21252 ], [ 10.8492, 88.7705, 45.468 ], 0.357676, 0.553744, 0.880551, [ [ 0.928474, -0.206184, -0.308908 ], [ 0.291445, 0.920038, 0.261897 ], [ 0.230208, -0.333194, 0.914323 ] ], 53.9789, [ 63.2313, -10.6792, 289.504 ], [ 10.5772, 65.5303, 80.376 ] ] ], [ [ 1540, [ -0.149234, -0.0612876, -0.986901 ], 154, 44.1492, [ -48.1325, 70.0102, 7.55181 ], [ -49.6911, 70.4743, 5.90361 ], [ -6.23433, -1.90577, -3.03319 ], false, [ -15.3186, 63.3536, 80.3663 ], [ -15.3186, 63.3536, 80.3663 ], [ -42.5039, 72.9429, 49.4284 ], [ -46.8143, 71.1727, 20.9234 ], [ -50.6142, 70.405, 1.48033 ], [ [ [ 0.651753, 0.729088, 0.208923 ], [ -0.672432, 0.428085, 0.603803 ], [ 0.350788, -0.534017, 0.769268 ] ], [ [ 0.451859, 0.883542, -0.123197 ], [ -0.618485, 0.409793, 0.670482 ], [ 0.642884, -0.226768, 0.731626 ] ], [ [ 0.451859, 0.883542, -0.123197 ], [ -0.879519, 0.464325, 0.104161 ], [ 0.149234, 0.0612876, 0.986901 ] ], [ [ 0.451859, 0.883542, -0.123197 ], [ -0.871257, 0.466749, 0.151848 ], [ 0.191666, 0.0387221, 0.980696 ] ] ], 0 ], [ 1541, [ -0.338213, -0.499203, -0.797752 ], 154, 49.8174, [ -31.8636, 70.1453, -32.0361 ], [ -34.4894, 70.8445, -33.5302 ], [ -5.76656, -1.06705, -5.70117 ], false, [ -3.43815, 79.516, 79.4412 ], [ -11.4511, 102.345, 22.0066 ], [ -23.7309, 87.2899, -8.76848 ], [ -30.656, 77.0686, -25.1028 ], [ -35.5362, 69.151, -36.1926 ], [ [ [ 0.955333, -0.203597, -0.214211 ], [ 0.266096, 0.907945, 0.323772 ], [ 0.128572, -0.366311, 0.921567 ] ], [ [ 0.941032, -0.171879, -0.291402 ], [ 0.024794, 0.894053, -0.447275 ], [ 0.337406, 0.413675, 0.845594 ] ], [ [ 0.941032, -0.171879, -0.291402 ], [ -0.00835191, 0.849267, -0.527898 ], [ 0.338213, 0.499203, 0.797752 ] ], [ [ 0.941032, -0.171879, -0.291402 ], [ -0.0277109, 0.819278, -0.572726 ], [ 0.337179, 0.547029, 0.766204 ] ] ], 1 ], [ 1542, [ -0.3128, -0.461719, -0.830043 ], 154, 56.763, [ -13.9528, 64.2348, -42.1555 ], [ -16.5093, 65.1771, -43.8296 ], [ -4.56202, -0.324321, -6.74169 ], false, [ 6.73923, 78.9072, 77.2379 ], [ 6.91756, 98.6306, 21.5239 ], [ -4.82041, 82.5083, -14.1066 ], [ -12.3555, 71.3858, -34.1017 ], [ -17.5571, 63.4306, -46.872 ], [ [ [ 0.904467, -0.402995, -0.13977 ], [ 0.426534, 0.852191, 0.30305 ], [ -0.0030173, -0.333715, 0.942669 ] ], [ [ 0.903953, -0.412997, -0.110919 ], [ 0.316592, 0.820689, -0.475646 ], [ 0.287471, 0.394846, 0.872615 ] ], [ [ 0.903953, -0.412997, -0.110919 ], [ 0.291592, 0.785015, -0.546558 ], [ 0.3128, 0.461719, 0.830043 ] ], [ [ 0.903953, -0.412997, -0.110919 ], [ 0.275873, 0.761385, -0.586674 ], [ 0.326747, 0.499726, 0.802191 ] ] ], 2 ], [ 1543, [ -0.27511, -0.454852, -0.847009 ], 154, 54.5791, [ 8.1975, 59.0644, -36.739 ], [ 5.28466, 59.7422, -38.5117 ], [ -4.46916, -0.176351, -6.54476 ], false, [ 16.4333, 75.6157, 75.3664 ], [ 24.2217, 90.8797, 25.1455 ], [ 15.4841, 76.436, -8.73085 ], [ 9.02809, 65.762, -28.6077 ], [ 4.27564, 57.9039, -41.4989 ], [ [ [ 0.85942, -0.510799, -0.0219696 ], [ 0.48975, 0.810149, 0.322186 ], [ -0.146774, -0.287653, 0.946421 ] ], [ [ 0.855814, -0.517283, -1.83911E-4 ], [ 0.462914, 0.766023, -0.446003 ], [ 0.230851, 0.381611, 0.895031 ] ], [ [ 0.855814, -0.517283, -1.83911E-4 ], [ 0.43806, 0.724933, -0.531578 ], [ 0.27511, 0.454852, 0.847009 ] ], [ [ 0.855814, -0.517283, -1.83911E-4 ], [ 0.421219, 0.697088, -0.58021 ], [ 0.300261, 0.496475, 0.814467 ] ] ], 3 ], [ 1544, [ -0.12373, -0.491864, -0.861836 ], 154, 42.789, [ 36.363, 52.2408, -19.6141 ], [ 33.5396, 53.2559, -22.2239 ], [ -4.25816, -0.295704, -5.58106 ], false, [ 24.1287, 66.511, 73.565 ], [ 38.3335, 79.9939, 28.5173 ], [ 37.6132, 67.2366, 1.42561 ], [ 35.5631, 59.087, -12.854 ], [ 32.8813, 51.3732, -24.9583 ], [ [ [ 0.743842, -0.66745, 0.0347856 ], [ 0.602555, 0.692221, 0.397187 ], [ -0.289181, -0.274484, 0.917078 ] ], [ [ 0.614407, -0.71998, 0.322697 ], [ 0.788623, 0.547941, -0.278989 ], [ 0.0240478, 0.425899, 0.904451 ] ], [ [ 0.614407, -0.71998, 0.322697 ], [ 0.779227, 0.489591, -0.391287 ], [ 0.12373, 0.491864, 0.861836 ] ], [ [ 0.614407, -0.71998, 0.322697 ], [ 0.767314, 0.450054, -0.456816 ], [ 0.183667, 0.52828, 0.828967 ] ] ], 4 ] ], [ [ 0, 200, 0 ], [ 235.247, 235.247, 147.751 ] ] ], [ 140601, 45044076294, [ [ 154, "right", [ 0.0740397, 0.455316, -0.887246 ], [ -0.281943, -0.843834, -0.456565 ], [ 6.68173, 85.1337, 38.5147 ], [ -6.75005, 1.13316, -5.04277 ], [ 10.8486, 88.77, 45.467 ], 0.357361, 0.551609, 0.876483, [ [ 0.928516, -0.205833, -0.309015 ], [ 0.291176, 0.920078, 0.262055 ], [ 0.230378, -0.3333, 0.914241 ] ], 53.9789, [ 63.1966, -10.6741, 289.456 ], [ 10.5036, 65.5598, 80.347 ] ] ], [ [ 1540, [ -0.149194, -0.0615382, -0.986891 ], 154, 44.1492, [ -48.1379, 70.0121, 7.54631 ], [ -49.7397, 70.4585, 5.84926 ], [ -5.81692, -1.9604, -4.20768 ], false, [ -15.3917, 63.3773, 80.3333 ], [ -15.3917, 63.3773, 80.3333 ], [ -42.5524, 72.94, 49.3655 ], [ -46.8616, 71.1626, 20.8608 ], [ -50.6512, 70.3847, 1.41608 ], [ [ [ 0.651546, 0.729332, 0.208718 ], [ -0.672648, 0.428207, 0.603475 ], [ 0.350759, -0.533586, 0.769581 ] ], [ [ 0.451771, 0.88356, -0.123392 ], [ -0.619155, 0.410101, 0.669675 ], [ 0.642301, -0.226141, 0.732332 ] ], [ [ 0.451771, 0.88356, -0.123392 ], [ -0.87957, 0.464258, 0.10402 ], [ 0.149194, 0.0615382, 0.986891 ] ], [ [ 0.451771, 0.88356, -0.123392 ], [ -0.871416, 0.466672, 0.151163 ], [ 0.191145, 0.0392344, 0.980777 ] ] ], 0 ], [ 1541, [ -0.337574, -0.499125, -0.798071 ], 154, 49.8174, [ -31.8665, 70.1463, -32.038 ], [ -34.5224, 70.8357, -33.5923 ], [ -5.04379, -0.803207, -6.36964 ], false, [ -3.51473, 79.5419, 79.4031 ], [ -11.5217, 102.343, 21.9565 ], [ -23.7761, 87.2865, -8.82808 ], [ -30.6881, 77.0667, -25.1689 ], [ -35.5596, 69.151, -36.2638 ], [ [ [ 0.955422, -0.203477, -0.21393 ], [ 0.265826, 0.908154, 0.323409 ], [ 0.128475, -0.36586, 0.921759 ] ], [ [ 0.941268, -0.172052, -0.29054 ], [ 0.0253315, 0.894003, -0.447344 ], [ 0.33671, 0.413711, 0.845854 ] ], [ [ 0.941268, -0.172052, -0.29054 ], [ -0.00770606, 0.849277, -0.527891 ], [ 0.337574, 0.499125, 0.798071 ] ], [ [ 0.941268, -0.172052, -0.29054 ], [ -0.0270095, 0.819326, -0.572692 ], [ 0.33658, 0.546904, 0.766558 ] ] ], 1 ], [ 1542, [ -0.311584, -0.460988, -0.830907 ], 154, 56.763, [ -13.9541, 64.2355, -42.1566 ], [ -16.5057, 65.1979, -43.9105 ], [ -2.69162, 1.20385, -8.10821 ], false, [ 6.66322, 78.9344, 77.202 ], [ 6.84795, 98.6324, 21.4791 ], [ -4.84267, 82.5267, -14.1745 ], [ -12.3485, 71.4219, -34.1905 ], [ -17.5305, 63.4807, -46.9774 ], [ [ [ 0.904586, -0.402852, -0.139408 ], [ 0.42628, 0.852427, 0.302744 ], [ -0.00312571, -0.333285, 0.942821 ] ], [ [ 0.904045, -0.413087, -0.109829 ], [ 0.317378, 0.82084, -0.474861 ], [ 0.286311, 0.394438, 0.873181 ] ], [ [ 0.904045, -0.413087, -0.109829 ], [ 0.292607, 0.785398, -0.545465 ], [ 0.311584, 0.460988, 0.830907 ] ], [ [ 0.904045, -0.413087, -0.109829 ], [ 0.27702, 0.761916, -0.585443 ], [ 0.325519, 0.498841, 0.80324 ] ] ], 2 ], [ 1543, [ -0.273815, -0.454226, -0.847764 ], 154, 54.5791, [ 8.19585, 59.0648, -36.7401 ], [ 5.28401, 59.7573, -38.5743 ], [ -2.64501, 1.18247, -7.39911 ], false, [ 16.3584, 75.6443, 75.334 ], [ 24.1531, 90.8871, 25.1076 ], [ 15.4586, 76.4545, -8.78451 ], [ 9.0329, 65.7951, -28.6791 ], [ 4.30196, 57.9494, -41.5857 ], [ [ [ 0.85954, -0.510612, -0.0215679 ], [ 0.489503, 0.810408, 0.321911 ], [ -0.146893, -0.287253, 0.946524 ] ], [ [ 0.855848, -0.517228, 7.00787E-4 ], [ 0.463418, 0.766206, -0.445166 ], [ 0.229715, 0.381319, 0.895448 ] ], [ [ 0.855848, -0.517228, 7.00787E-4 ], [ 0.438805, 0.725365, -0.530373 ], [ 0.273815, 0.454226, 0.847764 ] ], [ [ 0.855848, -0.517228, 7.00787E-4 ], [ 0.422117, 0.697685, -0.578838 ], [ 0.298902, 0.495693, 0.815442 ] ] ], 3 ], [ 1544, [ -0.121717, -0.491432, -0.862368 ], 154, 42.789, [ 36.3619, 52.2411, -19.6152 ], [ 33.5406, 53.2645, -22.26 ], [ -2.05265, 0.670618, -5.70531 ], false, [ 24.0562, 66.5405, 73.5382 ], [ 38.2668, 80.006, 28.4871 ], [ 37.5894, 67.252, 1.39281 ], [ 35.5727, 59.1096, -12.8956 ], [ 32.9246, 51.404, -25.0126 ], [ [ [ 0.743987, -0.667264, 0.0352363 ], [ 0.60232, 0.69254, 0.396988 ], [ -0.289298, -0.274131, 0.917147 ] ], [ [ 0.614342, -0.719708, 0.323426 ], [ 0.788716, 0.548382, -0.277856 ], [ 0.0226145, 0.42579, 0.904539 ] ], [ [ 0.614342, -0.719708, 0.323426 ], [ 0.779595, 0.490423, -0.389508 ], [ 0.121717, 0.491432, 0.862368 ] ], [ [ 0.614342, -0.719708, 0.323426 ], [ 0.767915, 0.451146, -0.454723 ], [ 0.181356, 0.527719, 0.829833 ] ] ], 4 ] ], [ [ 0, 200, 0 ], [ 235.247, 235.247, 147.751 ] ] ], [ 140602, 45044084946, [ [ 154, "right", [ 0.0737046, 0.455352, -0.887255 ], [ -0.281485, -0.844002, -0.456538 ], [ 6.64957, 85.1251, 38.4636 ], [ -5.94472, 0.567942, -5.27171 ], [ 10.8479, 88.7695, 45.4659 ], 0.357026, 0.550136, 0.880793, [ [ 0.928696, -0.205352, -0.308796 ], [ 0.290656, 0.920201, 0.2622 ], [ 0.230311, -0.333257, 0.914274 ] ], 53.9789, [ 63.1638, -10.6702, 289.412 ], [ 10.4861, 65.5538, 80.2958 ] ] ], [ [ 1540, [ -0.149399, -0.0613752, -0.98687 ], 154, 44.1492, [ -48.1428, 70.0136, 7.54123 ], [ -49.7521, 70.4196, 5.79088 ], [ -4.33173, -2.6991, -5.17195 ], false, [ -15.4079, 63.3561, 80.2841 ], [ -15.4079, 63.3561, 80.2841 ], [ -42.5555, 72.8977, 49.2983 ], [ -46.8706, 71.1249, 20.7942 ], [ -50.651, 70.3427, 1.34788 ], [ [ [ 0.651136, 0.729714, 0.208662 ], [ -0.672852, 0.427818, 0.603525 ], [ 0.351131, -0.533375, 0.769557 ] ], [ [ 0.451349, 0.883789, -0.123293 ], [ -0.619782, 0.409882, 0.669229 ], [ 0.641992, -0.225641, 0.732756 ] ], [ [ 0.451349, 0.883789, -0.123293 ], [ -0.879752, 0.463843, 0.104336 ], [ 0.149399, 0.0613752, 0.98687 ] ], [ [ 0.451349, 0.883789, -0.123293 ], [ -0.871737, 0.466219, 0.15071 ], [ 0.190677, 0.039456, 0.98086 ] ] ], 0 ], [ 1541, [ -0.336932, -0.498807, -0.798541 ], 154, 49.8174, [ -31.869, 70.1471, -32.0396 ], [ -34.5301, 70.8271, -33.6631 ], [ -3.686, -0.606466, -7.10012 ], false, [ -3.54045, 79.5276, 79.3528 ], [ -11.5652, 102.324, 21.9067 ], [ -23.7956, 87.2755, -8.89154 ], [ -30.6944, 77.0622, -25.242 ], [ -35.5569, 69.1516, -36.3445 ], [ [ [ 0.955524, -0.20292, -0.214003 ], [ 0.26532, 0.908311, 0.323382 ], [ 0.128761, -0.365779, 0.921752 ] ], [ [ 0.941499, -0.171786, -0.289946 ], [ 0.0254837, 0.894161, -0.447019 ], [ 0.33605, 0.41348, 0.84623 ] ], [ [ 0.941499, -0.171786, -0.289946 ], [ -0.00744894, 0.849518, -0.527507 ], [ 0.336932, 0.498807, 0.798541 ] ], [ [ 0.941499, -0.171786, -0.289946 ], [ -0.0266971, 0.819615, -0.572292 ], [ 0.335956, 0.546553, 0.767081 ] ] ], 1 ], [ 1542, [ -0.310508, -0.460259, -0.831713 ], 154, 56.763, [ -13.9551, 64.2359, -42.1574 ], [ -16.4833, 65.2176, -43.9992 ], [ -0.796894, 2.0381, -9.14821 ], false, [ 6.63768, 78.9261, 77.151 ], [ 6.80658, 98.6237, 21.4279 ], [ -4.84375, 82.5362, -14.2471 ], [ -12.3236, 71.4489, -34.2824 ], [ -17.488, 63.5215, -47.085 ], [ [ [ 0.90481, -0.402324, -0.139476 ], [ 0.425805, 0.852678, 0.302705 ], [ -0.00285767, -0.33328, 0.942823 ] ], [ [ 0.904252, -0.412814, -0.109143 ], [ 0.317675, 0.82119, -0.474056 ], [ 0.285324, 0.393994, 0.873704 ] ], [ [ 0.904252, -0.412814, -0.109143 ], [ 0.293108, 0.785968, -0.544373 ], [ 0.310508, 0.460259, 0.831713 ] ], [ [ 0.904252, -0.412814, -0.109143 ], [ 0.277644, 0.762628, -0.584219 ], [ 0.324409, 0.497978, 0.804224 ] ] ], 2 ], [ 1543, [ -0.272723, -0.453454, -0.848529 ], 154, 54.5791, [ 8.1946, 59.0652, -36.741 ], [ 5.30612, 59.7876, -38.6585 ], [ -0.683566, 2.56187, -8.5681 ], false, [ 16.3346, 75.6416, 75.2822 ], [ 24.1165, 90.8886, 25.0551 ], [ 15.4604, 76.4819, -8.85783 ], [ 9.06033, 65.8406, -28.7704 ], [ 4.34705, 58.0075, -41.691 ], [ [ [ 0.859837, -0.51011, -0.0216311 ], [ 0.489054, 0.810696, 0.321868 ], [ -0.146652, -0.287333, 0.946538 ] ], [ [ 0.856076, -0.516848, 0.00105437 ], [ 0.463496, 0.766802, -0.444056 ], [ 0.228701, 0.380635, 0.895998 ] ], [ [ 0.856076, -0.516848, 0.00105437 ], [ 0.439039, 0.726118, -0.529148 ], [ 0.272723, 0.453454, 0.848529 ] ], [ [ 0.856076, -0.516848, 0.00105437 ], [ 0.422441, 0.698528, -0.577583 ], [ 0.297786, 0.494901, 0.816331 ] ] ], 3 ], [ 1544, [ -0.120336, -0.490905, -0.862862 ], 154, 42.789, [ 36.361, 52.2415, -19.616 ], [ 33.5578, 53.286, -22.3252 ], [ -0.293311, 1.60146, -6.51244 ], false, [ 24.0376, 66.5423, 73.4859 ], [ 38.2368, 80.0158, 28.4336 ], [ 37.5881, 67.273, 1.33335 ], [ 35.5942, 59.1393, -12.9632 ], [ 32.9695, 51.442, -25.0907 ], [ [ [ 0.74438, -0.666829, 0.0351832 ], [ 0.601946, 0.692895, 0.396936 ], [ -0.289067, -0.274293, 0.917172 ] ], [ [ 0.614699, -0.719355, 0.323533 ], [ 0.788465, 0.549134, -0.277084 ], [ 0.0216587, 0.425418, 0.904738 ] ], [ [ 0.614699, -0.719355, 0.323533 ], [ 0.779529, 0.491468, -0.388323 ], [ 0.120336, 0.490905, 0.862862 ] ], [ [ 0.614699, -0.719355, 0.323533 ], [ 0.768007, 0.452379, -0.453342 ], [ 0.179754, 0.527144, 0.830546 ] ] ], 4 ] ], [ [ 0, 200, 0 ], [ 235.247, 235.247, 147.751 ] ] ], [ 140603, 45044093630, [ [ 154, "right", [ 0.0733754, 0.455291, -0.887314 ], [ -0.28095, -0.844242, -0.456423 ], [ 6.62316, 85.1246, 38.4094 ], [ -5.1712, 0.400336, -5.53088 ], [ 10.8472, 88.7688, 45.4647 ], 0.356119, 0.548201, 0.88194, [ [ 0.928905, -0.204784, -0.308544 ], [ 0.29006, 0.920325, 0.262426 ], [ 0.23022, -0.333265, 0.914294 ] ], 53.9789, [ 63.1309, -10.6648, 289.365 ], [ 10.474, 65.5609, 80.2438 ] ] ], [ [ 1540, [ -0.149575, -0.0613993, -0.986842 ], 154, 44.1492, [ -48.1469, 70.0147, 7.53676 ], [ -49.7637, 70.3813, 5.73502 ], [ -3.38228, -3.17935, -5.64864 ], false, [ -15.4185, 63.3463, 80.2333 ], [ -15.4185, 63.3463, 80.2333 ], [ -42.5634, 72.8649, 49.238 ], [ -46.8836, 71.0915, 20.7348 ], [ -50.6558, 70.3019, 1.28713 ], [ [ [ 0.650667, 0.730165, 0.208548 ], [ -0.673109, 0.427454, 0.603496 ], [ 0.351507, -0.53305, 0.769611 ] ], [ [ 0.450829, 0.884048, -0.123336 ], [ -0.620229, 0.409622, 0.668974 ], [ 0.641926, -0.225097, 0.732982 ] ], [ [ 0.450829, 0.884048, -0.123336 ], [ -0.879989, 0.463345, 0.104551 ], [ 0.149575, 0.0613993, 0.986842 ] ], [ [ 0.450829, 0.884048, -0.123336 ], [ -0.872097, 0.465696, 0.150248 ], [ 0.190264, 0.0398243, 0.980925 ] ] ], 0 ], [ 1541, [ -0.336145, -0.498594, -0.799006 ], 154, 49.8174, [ -31.8708, 70.1477, -32.041 ], [ -34.5239, 70.8166, -33.7394 ], [ -2.21167, -0.520777, -7.81723 ], false, [ -3.56173, 79.5255, 79.2997 ], [ -11.6034, 102.309, 21.851 ], [ -23.8042, 87.266, -8.96142 ], [ -30.6869, 77.0571, -25.3214 ], [ -35.5383, 69.1499, -36.4312 ], [ [ [ 0.955649, -0.202323, -0.214012 ], [ 0.264738, 0.908524, 0.32326 ], [ 0.129033, -0.36558, 0.921793 ] ], [ [ 0.941783, -0.171542, -0.289167 ], [ 0.0257056, 0.894271, -0.446787 ], [ 0.335236, 0.413343, 0.846619 ] ], [ [ 0.941783, -0.171542, -0.289167 ], [ -0.00711362, 0.849693, -0.52723 ], [ 0.336145, 0.498594, 0.799006 ] ], [ [ 0.941783, -0.171542, -0.289167 ], [ -0.0263025, 0.819826, -0.572008 ], [ 0.33519, 0.546314, 0.767587 ] ] ], 1 ], [ 1542, [ -0.30966, -0.460177, -0.832075 ], 154, 56.763, [ -13.9559, 64.2363, -42.1581 ], [ -16.4632, 65.2165, -44.0755 ], [ 0.358292, 1.70347, -9.28139 ], false, [ 6.61671, 78.9303, 77.0975 ], [ 6.77075, 98.6212, 21.372 ], [ -4.84348, 82.5408, -14.318 ], [ -12.303, 71.4555, -34.362 ], [ -17.4542, 63.5283, -47.1701 ], [ [ [ 0.905068, -0.401751, -0.139459 ], [ 0.425259, 0.852993, 0.302584 ], [ -0.00260622, -0.333165, 0.942865 ] ], [ [ 0.904497, -0.412444, -0.108511 ], [ 0.317771, 0.821459, -0.473525 ], [ 0.28444, 0.39382, 0.874071 ] ], [ [ 0.904497, -0.412444, -0.108511 ], [ 0.29325, 0.786211, -0.543946 ], [ 0.30966, 0.460177, 0.832075 ] ], [ [ 0.904497, -0.412444, -0.108511 ], [ 0.277804, 0.76284, -0.583866 ], [ 0.323589, 0.497961, 0.804565 ] ] ], 2 ], [ 1543, [ -0.271611, -0.452862, -0.849202 ], 154, 54.5791, [ 8.19362, 59.0655, -36.7418 ], [ 5.33786, 59.8157, -38.7418 ], [ 1.00022, 3.43194, -9.33685 ], false, [ 16.3157, 75.652, 75.2288 ], [ 24.0859, 90.8978, 24.9995 ], [ 15.4695, 76.5113, -8.93213 ], [ 9.09556, 65.884, -28.8604 ], [ 4.40011, 58.0602, -41.7933 ], [ [ [ 0.860169, -0.509551, -0.0215988 ], [ 0.488536, 0.811055, 0.32175 ], [ -0.14643, -0.287311, 0.946578 ] ], [ [ 0.856342, -0.516407, 0.00149428 ], [ 0.463523, 0.767365, -0.443055 ], [ 0.22765, 0.380099, 0.896493 ] ], [ [ 0.856342, -0.516407, 0.00149428 ], [ 0.43921, 0.726801, -0.528066 ], [ 0.271611, 0.452862, 0.849202 ] ], [ [ 0.856342, -0.516407, 0.00149428 ], [ 0.422695, 0.699274, -0.576493 ], [ 0.29666, 0.494307, 0.817101 ] ] ], 3 ], [ 1544, [ -0.118652, -0.490376, -0.863396 ], 154, 42.789, [ 36.3603, 52.2417, -19.6167 ], [ 33.5949, 53.3149, -22.3918 ], [ 1.73679, 2.57427, -7.18671 ], false, [ 24.0246, 66.5575, 73.4333 ], [ 38.2134, 80.0347, 28.3789 ], [ 37.6025, 67.3035, 1.27226 ], [ 35.6366, 59.1786, -13.0332 ], [ 33.0395, 51.4896, -25.1718 ], [ [ [ 0.744817, -0.666338, 0.035239 ], [ 0.601507, 0.693337, 0.396829 ], [ -0.288855, -0.274368, 0.917216 ] ], [ [ 0.615063, -0.718925, 0.323797 ], [ 0.788214, 0.549998, -0.27608 ], [ 0.0203934, 0.425028, 0.90495 ] ], [ [ 0.615063, -0.718925, 0.323797 ], [ 0.779499, 0.492624, -0.386914 ], [ 0.118652, 0.490376, 0.863396 ] ], [ [ 0.615063, -0.718925, 0.323797 ], [ 0.768155, 0.453718, -0.45175 ], [ 0.177862, 0.526581, 0.831311 ] ] ], 4 ] ], [ [ 0, 200, 0 ], [ 235.247, 235.247, 147.751 ] ] ], [ 140604, 45044102277, [ [ 154, "right", [ 0.0731451, 0.455218, -0.887371 ], [ -0.28031, -0.844504, -0.456333 ], [ 6.59811, 85.1275, 38.3535 ], [ -4.56769, 0.384297, -5.77887 ], [ 10.8465, 88.7682, 45.4635 ], 0.355233, 0.546556, 0.882809, [ [ 0.929135, -0.204126, -0.308288 ], [ 0.28938, 0.920464, 0.262687 ], [ 0.230147, -0.333284, 0.914305 ] ], 53.9789, [ 63.0986, -10.6577, 289.315 ], [ 10.4584, 65.5724, 80.1911 ] ] ], [ [ 1540, [ -0.14956, -0.0614485, -0.986841 ], 154, 44.1492, [ -48.1503, 70.0156, 7.53297 ], [ -49.7623, 70.3415, 5.66767 ], [ -2.16158, -3.63795, -6.40776 ], false, [ -15.4325, 63.3396, 80.1782 ], [ -15.4325, 63.3396, 80.1782 ], [ -42.5679, 72.8328, 49.1669 ], [ -46.8877, 71.0579, 20.6637 ], [ -50.6409, 70.2568, 1.21282 ], [ [ [ 0.650132, 0.730652, 0.208512 ], [ -0.673471, 0.427065, 0.603368 ], [ 0.351804, -0.532695, 0.769721 ] ], [ [ 0.450297, 0.884323, -0.123309 ], [ -0.620846, 0.409358, 0.668563 ], [ 0.641703, -0.224496, 0.733361 ] ], [ [ 0.450297, 0.884323, -0.123309 ], [ -0.880264, 0.462814, 0.104589 ], [ 0.14956, 0.0614485, 0.986841 ] ], [ [ 0.450297, 0.884323, -0.123309 ], [ -0.87258, 0.465124, 0.149212 ], [ 0.189306, 0.0404073, 0.981086 ] ] ], 0 ], [ 1541, [ -0.335178, -0.498317, -0.799585 ], 154, 49.8174, [ -31.8721, 70.1481, -32.0419 ], [ -34.5029, 70.8122, -33.827 ], [ -0.661019, -0.193644, -8.74658 ], false, [ -3.58699, 79.527, 79.2435 ], [ -11.6389, 102.297, 21.7908 ], [ -23.803, 87.2636, -9.04082 ], [ -30.666, 77.0603, -25.4126 ], [ -35.5038, 69.157, -36.531 ], [ [ [ 0.955812, -0.20168, -0.213887 ], [ 0.264066, 0.908756, 0.32316 ], [ 0.129196, -0.36536, 0.921857 ] ], [ [ 0.942131, -0.171284, -0.288185 ], [ 0.0260607, 0.894445, -0.446418 ], [ 0.33423, 0.413074, 0.847148 ] ], [ [ 0.942131, -0.171284, -0.288185 ], [ -0.00665184, 0.849907, -0.526891 ], [ 0.335178, 0.498317, 0.799585 ] ], [ [ 0.942131, -0.171284, -0.288185 ], [ -0.0257871, 0.820054, -0.571704 ], [ 0.334251, 0.546052, 0.768182 ] ] ], 1 ], [ 1542, [ -0.308455, -0.459743, -0.832762 ], 154, 56.763, [ -13.9564, 64.2366, -42.1586 ], [ -16.4181, 65.2318, -44.1683 ], [ 2.08425, 2.18879, -10.0613 ], false, [ 6.5921, 78.9387, 77.0425 ], [ 6.73793, 98.6219, 21.3142 ], [ -4.82794, 82.5552, -14.3976 ], [ -12.2584, 71.4803, -34.4582 ], [ -17.3905, 63.5606, -47.2786 ], [ [ [ 0.905364, -0.401133, -0.139311 ], [ 0.424628, 0.853334, 0.302508 ], [ -0.00246745, -0.333035, 0.942911 ] ], [ [ 0.904773, -0.412067, -0.107638 ], [ 0.318043, 0.82181, -0.472734 ], [ 0.283256, 0.393484, 0.874606 ] ], [ [ 0.904773, -0.412067, -0.107638 ], [ 0.293668, 0.786662, -0.543067 ], [ 0.308455, 0.459743, 0.832762 ] ], [ [ 0.904773, -0.412067, -0.107638 ], [ 0.278304, 0.763348, -0.582964 ], [ 0.322385, 0.497494, 0.805337 ] ] ], 2 ], [ 1543, [ -0.270445, -0.452364, -0.849839 ], 154, 54.5791, [ 8.19282, 59.0657, -36.7424 ], [ 5.37975, 59.8447, -38.8249 ], [ 2.47038, 4.03045, -9.8406 ], false, [ 16.2936, 75.6669, 75.1752 ], [ 24.0581, 90.9112, 24.9446 ], [ 15.4844, 76.543, -9.00566 ], [ 9.13788, 65.9273, -28.9489 ], [ 4.46091, 58.1111, -41.893 ], [ [ [ 0.86053, -0.508949, -0.0214403 ], [ 0.487932, 0.811443, 0.321686 ], [ -0.146324, -0.287281, 0.946604 ] ], [ [ 0.856643, -0.515906, 0.00200343 ], [ 0.46352, 0.767941, -0.442058 ], [ 0.226522, 0.379615, 0.896984 ] ], [ [ 0.856643, -0.515906, 0.00200343 ], [ 0.439343, 0.727467, -0.527039 ], [ 0.270445, 0.452364, 0.849839 ] ], [ [ 0.856643, -0.515906, 0.00200343 ], [ 0.422903, 0.699981, -0.575482 ], [ 0.295492, 0.49383, 0.817812 ] ] ], 3 ], [ 1544, [ -0.11712, -0.489979, -0.86383 ], 154, 42.789, [ 36.3597, 52.242, -19.6174 ], [ 33.6352, 53.3456, -22.4538 ], [ 3.13561, 3.26469, -7.4741 ], false, [ 24.0091, 66.5776, 73.3818 ], [ 38.1929, 80.0584, 28.3269 ], [ 37.6189, 67.3372, 1.21479 ], [ 35.6783, 59.2188, -13.0978 ], [ 33.1057, 51.5356, -25.2453 ], [ [ [ 0.745282, -0.665809, 0.0354078 ], [ 0.600979, 0.693815, 0.396793 ], [ -0.288755, -0.274443, 0.917225 ] ], [ [ 0.615469, -0.718453, 0.324072 ], [ 0.787928, 0.550871, -0.275156 ], [ 0.0191646, 0.424696, 0.905133 ] ], [ [ 0.615469, -0.718453, 0.324072 ], [ 0.77941, 0.493706, -0.385712 ], [ 0.11712, 0.489979, 0.86383 ] ], [ [ 0.615469, -0.718453, 0.324072 ], [ 0.768217, 0.454924, -0.45043 ], [ 0.176184, 0.526183, 0.83192 ] ] ], 4 ] ], [ [ 0, 200, 0 ], [ 235.247, 235.247, 147.751 ] ] ], [ 140605, 45044111013, [ [ 154, "right", [ 0.0729148, 0.455013, -0.887495 ], [ -0.279541, -0.84487, -0.456126 ], [ 6.57417, 85.1406, 38.2847 ], [ -4.07843, 0.682454, -6.34183 ], [ 10.8458, 88.7677, 45.4624 ], 0.354601, 0.544663, 0.883304, [ [ 0.92941, -0.203328, -0.307984 ], [ 0.288573, 0.920613, 0.263054 ], [ 0.230048, -0.333361, 0.914302 ] ], 53.9789, [ 63.0614, -10.6467, 289.252 ], [ 10.4438, 65.6012, 80.1287 ] ] ], [ [ 1540, [ -0.149459, -0.0616758, -0.986843 ], 154, 44.1492, [ -48.1529, 70.0163, 7.52976 ], [ -49.7526, 70.2986, 5.58405 ], [ -0.953978, -4.09328, -7.48622 ], false, [ -15.4453, 63.3471, 80.1123 ], [ -15.4453, 63.3471, 80.1123 ], [ -42.5674, 72.805,