{"metadata":{"formatVersion":2,"generatedBy":"LeapJS Playback 0.2.1","frames":100,"protocolVersion":6,"serviceVersion":"2.3.1+31549","frameRate":"65","modified":"Sat Sep 19 2015 23:05:00 GMT-0400 (EDT)"},"frames":[["id","timestamp",{"hands":[["id","type","direction","palmNormal","palmPosition","palmVelocity","stabilizedPalmPosition","pinchStrength","grabStrength","confidence","armBasis","armWidth","elbow","wrist"]]},{"pointables":[["id","direction","handId","length","stabilizedTipPosition","tipPosition","tipVelocity","tool","carpPosition","mcpPosition","pipPosition","dipPosition","btipPosition","bases","type"]]},{"interactionBox":["center","size"]}],[48708,855845886,[[51,"right",[0.182736,0.348297,-0.9194],[-0.54652,-0.741367,-0.389476],[43.291,79.97,6.14945],[-0.632134,2.70844,5.43267],[47.3413,79.0573,2.34322],1,1,1,[[0.815961,-0.576632,-0.041275],[0.569564,0.789621,0.228243],[-0.0990208,-0.209746,0.972729]],57.6505,[17.9467,10.6577,289.832],[42.1357,61.8949,52.2118]]],[[510,[-0.142939,-0.1894,-0.97144],51,47.1521,[-8.06422,63.6893,-37.9478],[-11.2668,64.7996,-32.0936],[3.98058,0.87295,6.49789],false,[15.1503,68.3682,52.668],[15.1503,68.3682,52.668],[-5.90593,75.2984,13.3198],[-10.3153,69.4558,-16.6471],[-11.4499,63.71,-36.9954],[[[0.853346,0.50023,0.14687],[-0.484634,0.657285,0.577153],[0.192174,-0.56369,0.80332]],[[0.671715,0.702293,-0.235762],[-0.575698,0.695153,0.430504],[0.46623,-0.153448,0.871254]],[[0.671715,0.702293,-0.235762],[-0.726889,0.686231,-0.0268376],[0.142939,0.1894,0.97144]],[[0.671715,0.702293,-0.235762],[-0.738869,0.658141,-0.144645],[0.0535816,0.271357,0.960986]]],0],[511,[-0.564529,-0.724108,-0.396201],51,53.2059,[-8.64727,52.8539,-51.1124],[-10.8649,53.896,-46.786],[-1.57905,3.87669,3.15737],false,[32.5515,80.6696,50.2568],[29.9806,102.291,-12.6431],[8.05011,79.3601,-35.0958],[-4.29507,63.5253,-43.7599],[-12.8597,51.5135,-48.3771],[[[0.836345,-0.507019,-0.208467],[0.546841,0.798385,0.252085],[0.0386249,-0.324829,0.944984]],[[0.823034,-0.457394,-0.336759],[0.0655415,0.665411,-0.743594],[0.564198,0.589931,0.577634]],[[0.823034,-0.457394,-0.336759],[-0.0626301,0.516197,-0.854177],[0.564529,0.724108,0.396201]],[[0.823034,-0.457394,-0.336759],[-0.125063,0.43241,-0.892962],[0.554053,0.777054,0.298685]]],1],[512,[-0.678249,-0.66341,-0.316014],51,60.6239,[-5.91842,41.21,-49.1702],[-6.96847,41.9186,-46.7842],[-0.951904,4.60199,1.47794],false,[42.5901,76.4847,47.844],[47.3518,92.3442,-13.0678],[19.4434,68.5637,-36.6763],[1.99357,51.4956,-44.8067],[-9.57987,39.5091,-48.19],[[[0.728315,-0.674869,-0.118779],[0.681077,0.693848,0.233898],[-0.0754361,-0.251249,0.964978]],[[0.732207,-0.646455,-0.214402],[0.233054,0.533604,-0.81299],[0.639967,0.54531,0.541367]],[[0.732207,-0.646455,-0.214402],[0.0620524,0.376806,-0.924211],[0.678249,0.66341,0.316014]],[[0.732207,-0.646455,-0.214402],[-0.0225112,0.291654,-0.956259],[0.68071,0.705006,0.198999]]],2],[513,[-0.628328,-0.579361,0.519177],51,58.2915,[21.361,36.6823,-15.6638],[19.5898,41.0319,-9.56265],[2.3326,4.27067,4.28906],false,[51.2564,69.7721,46.0045],[62.4452,78.9687,-8.78691],[38.9805,59.2721,-35.1598],[23.2325,44.7514,-22.1475],[18.8233,40.1763,-6.48282],[[[0.655847,-0.754859,0.00722798],[0.72862,0.635496,0.255457],[-0.197427,-0.162274,0.966794]],[[0.663262,-0.747716,-0.0316889],[0.472378,0.451113,-0.757203],[0.580468,0.487254,0.652411]],[[0.663262,-0.747716,-0.0316889],[-0.406557,-0.324439,-0.854079],[0.628328,0.579361,-0.519177]],[[0.663262,-0.747716,-0.0316889],[-0.701461,-0.606358,-0.374543],[0.260837,0.270648,-0.926668]]],3],[514,[-0.875968,-0.271433,0.398753],51,45.6994,[36.5409,40.1968,-15.9431],[34.4083,43.4713,-9.49111],[2.20747,2.94227,5.46109],false,[55.9608,57.854,44.7268],[73.2476,63.4736,-4.4854],[56.7451,47.8768,-27.0207],[41.2442,43.0736,-19.9645],[32.8296,43.7054,-6.84969],[[[0.499124,-0.863123,0.0767664],[0.801434,0.493501,0.337875],[-0.329512,-0.107118,0.938055]],[[0.404673,-0.863421,0.301238],[0.755078,0.129669,-0.642684],[0.515846,0.487535,0.704423]],[[0.404673,-0.863421,0.301238],[-0.262525,-0.425239,-0.866171],[0.875968,0.271433,-0.398753]],[[0.404673,-0.863421,0.301238],[-0.738309,-0.502855,-0.449484],[0.539573,-0.0405127,-0.840963]]],4]],[[0,200,0],[235.247,235.247,147.751]]],[48709,855855666,[[51,"right",[0.182333,0.34827,-0.91949],[-0.54639,-0.741588,-0.389235],[43.282,79.9998,6.20972],[-0.717646,2.80751,5.64741],[47.3403,79.0575,2.34416],1,1,1,[[0.81612,-0.576406,-0.0412889],[0.569327,0.789734,0.228444],[-0.0990693,-0.209945,0.972681]],57.6505,[17.9462,10.643,289.882],[42.1471,61.9287,52.2742]]],[[510,[-0.143524,-0.188915,-0.971448],51,47.1521,[-8.06543,63.6898,-37.9456],[-11.2497,64.8053,-32.0242],[3.81382,0.354733,6.81051],false,[15.1597,68.3929,52.7381],[15.1597,68.3929,52.7381],[-5.8937,75.3102,13.386],[-10.3211,69.4825,-16.5811],[-11.4048,63.6907,-36.9191],[[[0.853222,0.500533,0.146558],[-0.484677,0.657177,0.57724],[0.192613,-0.563548,0.803315]],[[0.671563,0.70242,-0.235816],[-0.575927,0.695088,0.430302],[0.466166,-0.153162,0.871338]],[[0.671563,0.70242,-0.235816],[-0.726914,0.686234,-0.026054],[0.143524,0.188915,0.971448]],[[0.671563,0.70242,-0.235816],[-0.739178,0.657105,-0.147745],[0.0511768,0.27353,0.960501]]],0],[511,[-0.564453,-0.723943,-0.396609],51,53.2059,[-8.6515,52.8567,-51.1052],[-10.8818,53.9395,-46.7561],[-1.59861,4.04711,3.13724],false,[32.5559,80.7,50.3203],[29.9582,102.314,-12.5808],[8.03121,79.3996,-35.0533],[-4.31231,63.5684,-43.7264],[-12.8755,51.5572,-48.3479],[[[0.836452,-0.506756,-0.208678],[0.546649,0.798594,0.251839],[0.0390277,-0.324725,0.945003]],[[0.823086,-0.457154,-0.336957],[0.0656575,0.665942,-0.743109],[0.564109,0.589519,0.578143]],[[0.823086,-0.457154,-0.336957],[-0.0626267,0.51664,-0.853909],[0.564453,0.723943,0.396609]],[[0.823086,-0.457154,-0.336957],[-0.125147,0.432735,-0.892793],[0.553957,0.777014,0.298967]]],1],[512,[-0.678125,-0.663456,-0.316184],51,60.6239,[-5.92247,41.2143,-49.163],[-6.97829,41.9555,-46.7497],[-1.00003,4.3371,2.23239],false,[42.5952,76.5183,47.9048],[47.3327,92.3735,-13.0099],[19.4269,68.6032,-36.632],[1.98027,51.534,-44.7667],[-9.59006,39.5446,-48.1507],[[[0.728506,-0.674635,-0.11894],[0.680915,0.694101,0.233621],[-0.0750519,-0.251182,0.965026]],[[0.73236,-0.646067,-0.215048],[0.232742,0.534313,-0.812613],[0.639906,0.545075,0.541677]],[[0.73236,-0.646067,-0.215048],[0.0616008,0.37739,-0.924003],[0.678125,0.663456,0.316184]],[[0.73236,-0.646067,-0.215048],[-0.0230577,0.29211,-0.956107],[0.680527,0.705173,0.199033]]],2],[513,[-0.627846,-0.579455,0.519654],51,58.2915,[21.3604,36.6842,-15.6615],[19.6115,41.0713,-9.51247],[2.37706,4.29474,4.84672],false,[51.2631,69.8084,46.0633],[62.4319,79.0035,-8.73249],[38.9785,59.3096,-35.1174],[23.2426,44.7865,-22.0932],[18.8518,40.2211,-6.42051],[[[0.656104,-0.754637,0.00709689],[0.728484,0.635766,0.25517],[-0.197072,-0.162248,0.96687]],[[0.66351,-0.747489,-0.031856],[0.472373,0.451562,-0.756938],[0.580188,0.487188,0.652709]],[[0.66351,-0.747489,-0.031856],[-0.406895,-0.324795,-0.853783],[0.627846,0.579456,-0.519654]],[[0.66351,-0.747489,-0.031856],[-0.701631,-0.606893,-0.373355],[0.259746,0.270076,-0.927141]]],3],[514,[-0.875796,-0.272052,0.39871],51,45.6994,[36.5406,40.1973,-15.9421],[34.4359,43.5,-9.45329],[2.41069,2.86673,4.98365],false,[55.9712,57.8917,44.7853],[73.2409,63.5125,-4.43284],[56.7635,47.9162,-26.9869],[41.2657,43.102,-19.9314],[32.86,43.731,-6.81079],[[[0.499439,-0.862947,0.0766943],[0.801372,0.493805,0.337579],[-0.329185,-0.107139,0.938168]],[[0.405176,-0.863283,0.300955],[0.755345,0.130643,-0.642173],[0.51506,0.487519,0.70501]],[[0.405176,-0.863283,0.300955],[-0.262324,-0.425123,-0.866289],[0.875796,0.272052,-0.39871]],[[0.405176,-0.863283,0.300955],[-0.738452,-0.503106,-0.448969],[0.539,-0.0403295,-0.84134]]],4]],[[0,200,0],[235.247,235.247,147.751]]],[48710,855863968,[[51,"right",[0.181997,0.348228,-0.919573],[-0.546297,-0.741772,-0.389017],[43.2782,80.0253,6.26231],[-0.650564,2.87523,5.82355],[47.3396,79.0576,2.34487],1,1,1,[[0.816243,-0.576231,-0.0412972],[0.569141,0.789815,0.228627],[-0.0991249,-0.210119,0.972638]],57.6505,[17.9459,10.6301,289.926],[42.1603,61.9585,52.3288]]],[[510,[-0.143883,-0.188721,-0.971433],51,47.1521,[-8.06629,63.6902,-37.944],[-11.2391,64.8128,-31.9604],[3.44712,0.225744,7.17857],false,[15.1713,68.4156,52.7993],[15.1713,68.4156,52.7993],[-5.88694,75.3262,13.4487],[-10.3254,69.5045,-16.518],[-11.3778,63.6826,-36.849],[[[0.853128,0.500774,0.146282],[-0.484699,0.657105,0.577304],[0.192976,-0.563417,0.803319]],[[0.671412,0.702527,-0.235927],[-0.576016,0.695012,0.430306],[0.466274,-0.153015,0.871307]],[[0.671412,0.702527,-0.235927],[-0.726982,0.686178,-0.0256276],[0.143883,0.188721,0.971433]],[[0.671412,0.702527,-0.235927],[-0.739416,0.656396,-0.149692],[0.0496983,0.274953,0.960172]]],0],[511,[-0.564409,-0.723857,-0.396829],51,53.2059,[-8.65497,52.859,-51.0993],[-10.8937,53.9733,-46.7228],[-1.55283,4.03214,3.42297],false,[32.5637,80.727,50.3757],[29.9435,102.334,-12.5269],[8.01755,79.431,-35.0118],[-4.32501,63.6016,-43.6897],[-12.887,51.5902,-48.313],[[[0.836531,-0.506555,-0.20885],[0.546504,0.798764,0.251616],[0.0393644,-0.324622,0.945024]],[[0.823106,-0.456938,-0.337201],[0.0656333,0.666346,-0.742749],[0.564082,0.589229,0.578463]],[[0.823106,-0.456938,-0.337201],[-0.062759,0.516951,-0.853711],[0.564409,0.723857,0.396829]],[[0.823106,-0.456938,-0.337201],[-0.125353,0.432943,-0.892663],[0.55388,0.777025,0.299079]]],1],[512,[-0.678038,-0.663546,-0.316181],51,60.6239,[-5.92566,41.2179,-49.1572],[-6.98387,41.9827,-46.7107],[-0.940588,4.0227,3.0318],false,[42.6034,76.5477,47.9579],[47.3205,92.3982,-12.9596],[19.4164,68.6337,-36.5895],[1.97204,51.5621,-44.7242],[-9.59588,39.5698,-48.1057],[[[0.728654,-0.674453,-0.119067],[0.680793,0.694304,0.233372],[-0.0747294,-0.251107,0.96507]],[[0.732475,-0.645786,-0.215501],[0.232487,0.534788,-0.812374],[0.639867,0.544942,0.541856]],[[0.732475,-0.645786,-0.215501],[0.0611901,0.377712,-0.923899],[0.678038,0.663546,0.316181]],[[0.732475,-0.645786,-0.215501],[-0.023563,0.292306,-0.956035],[0.680386,0.705349,0.19889]]],2],[513,[-0.627491,-0.579532,0.519998],51,58.2915,[21.3599,36.6858,-15.6595],[19.6299,41.1028,-9.46683],[2.36685,4.21722,5.24266],false,[51.2726,69.84,46.1148],[62.4244,79.0327,-8.68487],[38.9789,59.3394,-35.0773],[23.2519,44.8144,-22.0445],[18.8742,40.2558,-6.36615],[[[0.656307,-0.754462,0.00699729],[0.728383,0.635985,0.254914],[-0.196773,-0.162205,0.966938]],[[0.663702,-0.747313,-0.0319705],[0.472342,0.451871,-0.756773],[0.579993,0.487171,0.652895]],[[0.663702,-0.747313,-0.0319705],[-0.407129,-0.325063,-0.853569],[0.627491,0.579532,-0.519998]],[[0.663702,-0.747313,-0.0319705],[-0.701736,-0.607288,-0.372514],[0.25897,0.269673,-0.927476]]],3],[514,[-0.875562,-0.272427,0.398967],51,45.6994,[36.5404,40.1978,-15.9412],[34.4587,43.5255,-9.41012],[2.51207,2.89838,5.14625],false,[55.9835,57.9244,44.8367],[73.2387,63.5449,-4.38657],[56.7747,47.948,-26.95],[41.2809,43.1272,-19.89],[32.8857,43.7557,-6.7626],[[[0.499689,-0.862807,0.0766469],[0.801331,0.494051,0.337318],[-0.328908,-0.107134,0.938265]],[[0.405596,-0.863172,0.300709],[0.755404,0.13131,-0.641968],[0.514643,0.487536,0.705302]],[[0.405596,-0.863172,0.300709],[-0.262456,-0.425109,-0.866256],[0.875562,0.272427,-0.398967]],[[0.405596,-0.863172,0.300709],[-0.73871,-0.503299,-0.448327],[0.53833,-0.0402976,-0.84177]]],4]],[[0,200,0],[235.247,235.247,147.751]]],[48711,855875056,[[51,"right",[0.181703,0.348053,-0.919697],[-0.546242,-0.741971,-0.388714],[43.2864,80.0501,6.31833],[-0.196405,2.66859,5.57177],[47.3388,79.0578,2.34566],1,1,1,[[0.816338,-0.576096,-0.0413011],[0.568988,0.78986,0.228853],[-0.0992194,-0.210321,0.972584]],57.6505,[17.9458,10.616,289.974],[42.1833,61.9937,52.3893]]],[[510,[-0.144227,-0.188595,-0.971406],51,47.1521,[-8.06719,63.6906,-37.9422],[-11.2135,64.8208,-31.8914],[3.37174,0.147111,7.05218],false,[15.1931,68.4455,52.8648],[15.1931,68.4455,52.8648],[-5.87044,75.3514,13.5162],[-10.3195,69.5337,-16.4496],[-11.3332,63.6736,-36.7716],[[[0.853063,0.500979,0.14596],[-0.484691,0.65714,0.577271],[0.193284,-0.563193,0.803402]],[[0.671342,0.702546,-0.236072],[-0.576002,0.695016,0.430318],[0.466392,-0.152912,0.871261]],[[0.671342,0.702546,-0.236072],[-0.726979,0.686194,-0.0252854],[0.144227,0.188595,0.971406]],[[0.671342,0.702546,-0.236072],[-0.7396,0.65562,-0.152163],[0.0478725,0.276752,0.959748]]],0],[511,[-0.564411,-0.723747,-0.397028],51,53.2059,[-8.65922,52.8618,-51.092],[-10.8947,54.0052,-46.6872],[-1.07396,3.60333,3.45046],false,[32.5824,80.7599,50.4342],[29.9426,102.352,-12.4728],[8.01642,79.4583,-34.9671],[-4.32617,63.6313,-43.6493],[-12.8879,51.6205,-48.2745],[[[0.836582,-0.506434,-0.208936],[0.546404,0.798932,0.251299],[0.0396594,-0.324396,0.94509]],[[0.823101,-0.45681,-0.337387],[0.0656416,0.666648,-0.742477],[0.564089,0.588987,0.578704]],[[0.823101,-0.45681,-0.337387],[-0.062816,0.517219,-0.853545],[0.564411,0.723747,0.397028]],[[0.823101,-0.45681,-0.337387],[-0.125463,0.433145,-0.892549],[0.553863,0.776987,0.299209]]],1],[512,[-0.677978,-0.663534,-0.316335],51,60.6239,[-5.92949,41.2222,-49.1501],[-6.97551,42.0198,-46.6873],[-0.380198,3.7984,2.84116],false,[42.6225,76.582,48.0149],[47.3216,92.4194,-12.9074],[19.4222,68.6721,-36.5601],[1.97932,51.6009,-44.6987],[-9.5869,39.6062,-48.078],[[[0.728761,-0.674333,-0.119089],[0.68071,0.694495,0.233046],[-0.0744444,-0.2509,0.965146]],[[0.732553,-0.645548,-0.215948],[0.232538,0.535476,-0.811906],[0.639759,0.544548,0.542379]],[[0.732553,-0.645548,-0.215948],[0.0609206,0.37814,-0.923742],[0.677978,0.663534,0.316335]],[[0.732553,-0.645548,-0.215948],[-0.0240389,0.292508,-0.955961],[0.680285,0.705483,0.198759]]],2],[513,[-0.627216,-0.579539,0.520321],51,58.2915,[21.3592,36.6879,-15.6568],[19.6596,41.1344,-9.41848],[2.47721,3.79707,5.16074],false,[51.2926,69.8756,46.1712],[62.4292,79.0579,-8.63327],[38.9928,59.3656,-35.0345],[23.2727,44.8404,-21.9936],[18.907,40.2902,-6.30947],[[[0.65646,-0.754328,0.00701156],[0.728317,0.63619,0.25459],[-0.196505,-0.162022,0.967024]],[[0.66385,-0.747181,-0.0319869],[0.472411,0.452114,-0.756585],[0.579768,0.487148,0.653113]],[[0.66385,-0.747181,-0.0319869],[-0.407312,-0.325352,-0.853372],[0.627216,0.579539,-0.520321]],[[0.66385,-0.747181,-0.0319869],[-0.701858,-0.607671,-0.37166],[0.25826,0.269177,-0.927818]]],3],[514,[-0.875238,-0.272576,0.399575],51,45.6994,[36.5401,40.1985,-15.9401],[34.4927,43.5513,-9.35222],[2.69604,2.73035,5.42959],false,[56.0056,57.9607,44.8947],[73.2476,63.5733,-4.33403],[56.7913,47.974,-26.9014],[41.3033,43.1506,-19.8306],[32.9233,43.783,-6.69374],[[[0.499881,-0.862689,0.0767241],[0.801313,0.49429,0.337009],[-0.328658,-0.106985,0.93837]],[[0.405982,-0.863054,0.300527],[0.755361,0.131799,-0.641918],[0.514401,0.487613,0.705426]],[[0.405982,-0.863054,0.300527],[-0.262939,-0.425253,-0.866039],[0.875238,0.272576,-0.399575]],[[0.405982,-0.863054,0.300527],[-0.739207,-0.503481,-0.447303],[0.537356,-0.0405545,-0.84238]]],4]],[[0,200,0],[235.247,235.247,147.751]]],[48712,855881997,[[51,"right",[0.181512,0.347987,-0.91976],[-0.546174,-0.742103,-0.388558],[43.2913,80.0646,6.36051],[0.00219403,2.54069,5.68252],[47.3383,79.058,2.34611],1,1,1,[[0.816419,-0.575982,-0.0412908],[0.568862,0.78991,0.228993],[-0.09928,-0.210443,0.972552]],57.6505,[17.9456,10.6054,290.01],[42.1979,62.0128,52.4335]]],[[510,[-0.144427,-0.188473,-0.9714],51,47.1521,[-8.06768,63.6908,-37.9413],[-11.1982,64.8253,-31.8432],[3.28401,0.140256,7.12762],false,[15.2067,68.4601,52.9123],[15.2067,68.4601,52.9123],[-5.85868,75.3626,13.564],[-10.314,69.5486,-16.4016],[-11.3081,63.6702,-36.7193],[[[0.853,0.501137,0.145785],[-0.484718,0.657119,0.577272],[0.193494,-0.563077,0.803433]],[[0.671276,0.702592,-0.236123],[-0.576047,0.694986,0.430307],[0.466432,-0.152837,0.871253]],[[0.671276,0.702592,-0.236123],[-0.727001,0.68618,-0.0250445],[0.144427,0.188473,0.9714]],[[0.671276,0.702592,-0.236123],[-0.739719,0.655204,-0.153373],[0.0469504,0.27762,0.959543]]],0],[511,[-0.564368,-0.723757,-0.397071],51,53.2059,[-8.66162,52.8634,-51.0879],[-10.8936,54.0208,-46.6547],[-0.796781,3.24942,3.82169],false,[32.5936,80.7771,50.4778],[29.9411,102.363,-12.431],[8.01598,79.4731,-34.9309],[-4.32566,63.6459,-43.6141],[-12.8863,51.6341,-48.2387],[[[0.836637,-0.506316,-0.209004],[0.546306,0.799049,0.251137],[0.0398497,-0.324291,0.945118]],[[0.823122,-0.456691,-0.337496],[0.0656138,0.666832,-0.742314],[0.564062,0.588871,0.578849]],[[0.823122,-0.456691,-0.337496],[-0.0629265,0.517309,-0.853482],[0.564368,0.723757,0.397071]],[[0.823122,-0.456691,-0.337496],[-0.125625,0.433155,-0.892522],[0.553795,0.777052,0.299168]]],1],[512,[-0.677908,-0.663569,-0.316412],51,60.6239,[-5.93167,41.2248,-49.146],[-6.9688,42.0381,-46.6625],[-0.0833272,3.49915,3.1224],false,[42.634,76.6007,48.0575],[47.3216,92.4326,-12.8671],[19.4259,68.6912,-36.5302],[1.98489,51.6191,-44.6707],[-9.57979,39.6227,-48.0492],[[[0.728856,-0.674224,-0.119124],[0.680627,0.694633,0.232876],[-0.0742634,-0.250812,0.965183]],[[0.73263,-0.645394,-0.216148],[0.232527,0.535801,-0.811695],[0.639675,0.544411,0.542616]],[[0.73263,-0.645394,-0.216148],[0.0607814,0.378342,-0.923668],[0.677908,0.663569,0.316412]],[[0.73263,-0.645394,-0.216148],[-0.024264,0.292604,-0.955926],[0.680195,0.705584,0.198711]]],2],[513,[-0.627101,-0.579635,0.520354],51,58.2915,[21.3588,36.6893,-15.6552],[19.6804,41.1536,-9.38942],[2.56452,3.57539,5.02459],false,[51.3049,69.8956,46.2133],[62.4321,79.0741,-8.59375],[39.0054,59.3848,-35.0058],[23.2882,44.8572,-21.9641],[18.9283,40.3103,-6.27736],[[[0.656587,-0.754218,0.00699557],[0.728247,0.636339,0.254419],[-0.196339,-0.161954,0.967069]],[[0.66397,-0.747074,-0.0320048],[0.472535,0.452373,-0.756353],[0.579529,0.487072,0.653381]],[[0.66397,-0.747074,-0.0320048],[-0.407294,-0.325429,-0.853351],[0.627101,0.579635,-0.520354]],[[0.66397,-0.747074,-0.0320048],[-0.701871,-0.60789,-0.371276],[0.257915,0.26898,-0.927971]]],3],[514,[-0.875076,-0.272796,0.39978],51,45.6994,[36.5399,40.1989,-15.9393],[34.515,43.5653,-9.3138],[2.8008,2.55895,5.55783],false,[56.0197,57.9813,44.9373],[73.2537,63.5917,-4.29445],[56.8051,47.9914,-26.8667],[41.32,43.1641,-19.7923],[32.9469,43.7966,-6.65097],[[[0.500037,-0.862597,0.076742],[0.801279,0.494459,0.336842],[-0.328505,-0.106942,0.938428]],[[0.406255,-0.862975,0.300385],[0.755378,0.132198,-0.641817],[0.514161,0.487645,0.705578]],[[0.406255,-0.862975,0.300385],[-0.263057,-0.425272,-0.865993],[0.875076,0.272796,-0.39978]],[[0.406255,-0.862975,0.300385],[-0.739382,-0.503616,-0.446862],[0.536909,-0.0405595,-0.842664]]],4]],[[0,200,0],[235.247,235.247,147.751]]],[48713,855897459,[[51,"right",[0.180963,0.348539,-0.919659],[-0.545966,-0.742178,-0.388706],[43.2898,80.1153,6.47983],[-0.0406423,2.85286,6.54493],[47.3376,79.0582,2.34688],1,1,1,[[0.816618,-0.575703,-0.041251],[0.568557,0.790054,0.229254],[-0.0993915,-0.210666,0.972492]],57.6505,[17.9447,10.5779,290.106],[42.2242,62.0398,52.5442]]],[[510,[-0.144702,-0.187759,-0.971498],51,47.1521,[-8.06843,63.6911,-37.9398],[-11.1766,64.8704,-31.7181],[2.83532,1.04328,7.68656],false,[15.23,68.4735,53.0373],[15.23,68.4735,53.0373],[-5.84142,75.39,13.6947],[-10.3052,69.598,-16.2739],[-11.266,63.701,-36.5878],[[[0.852812,0.501485,0.145686],[-0.484805,0.65659,0.577801],[0.194102,-0.563385,0.80307]],[[0.671006,0.702957,-0.235803],[-0.576253,0.694549,0.430737],[0.466566,-0.153145,0.871127]],[[0.671006,0.702957,-0.235803],[-0.727195,0.686002,-0.024268],[0.144702,0.187759,0.971498]],[[0.671006,0.702957,-0.235803],[-0.740062,0.654439,-0.154974],[0.0453787,0.278497,0.959364]]],0],[511,[-0.564212,-0.723711,-0.397375],51,53.2059,[-8.66581,52.8664,-51.0804],[-10.9057,54.0951,-46.5542],[-0.796913,3.83473,5.14727],false,[32.6098,80.8004,50.6019],[29.9209,102.416,-12.295],[7.99718,79.5453,-34.8154],[-4.34106,63.7191,-43.5052],[-12.8977,51.7052,-48.1317],[[[0.836801,-0.505798,-0.209602],[0.546015,0.799193,0.251314],[0.0403979,-0.324746,0.944938]],[[0.82318,-0.456042,-0.338232],[0.0652075,0.6677,-0.741569],[0.564024,0.588389,0.579375]],[[0.82318,-0.456042,-0.338232],[-0.0635619,0.517946,-0.853049],[0.564212,0.723711,0.397375]],[[0.82318,-0.456042,-0.338232],[-0.126381,0.433593,-0.892202],[0.553537,0.777189,0.29929]]],1],[512,[-0.677702,-0.663642,-0.316699],51,60.6239,[-5.93536,41.2294,-49.1386],[-6.96981,42.1093,-46.5729],[-0.0876719,3.86644,4.4831],false,[42.6513,76.6301,48.1754],[47.3061,92.4949,-12.7432],[19.4157,68.7633,-36.4222],[1.97995,51.6892,-44.5702],[-9.58019,39.6895,-47.9521],[[[0.72914,-0.673804,-0.119761],[0.68038,0.694852,0.232946],[-0.0737433,-0.251333,0.965087]],[[0.73286,-0.644887,-0.216882],[0.232137,0.536637,-0.811254],[0.639554,0.544189,0.542982]],[[0.73286,-0.644887,-0.216882],[0.0603032,0.379078,-0.923398],[0.677702,0.663642,0.316699]],[[0.73286,-0.644887,-0.216882],[-0.0247971,0.293238,-0.955718],[0.679928,0.705785,0.198911]]],2],[513,[-0.625469,-0.579328,0.522655],51,58.2915,[21.358,36.6921,-15.6517],[19.7469,41.2463,-9.26014],[3.58324,4.85588,8.04896],false,[51.3248,69.9302,46.3242],[62.4249,79.1417,-8.48277],[38.9966,59.4544,-34.895],[23.3203,44.9345,-21.7955],[19.0184,40.4197,-6.08356],[[[0.656963,-0.753896,0.0063474],[0.728037,0.636571,0.25444],[-0.195862,-0.162536,0.967068]],[[0.664331,-0.746724,-0.032679],[0.471981,0.453002,-0.756322],[0.579567,0.487024,0.653383]],[[0.664331,-0.746724,-0.032679],[-0.409211,-0.326776,-0.851918],[0.625469,0.579328,-0.522655]],[[0.664331,-0.746724,-0.032679],[-0.702781,-0.609155,-0.367463],[0.254487,0.267083,-0.929464]]],3],[514,[-0.874836,-0.273845,0.399589],51,45.6994,[36.5394,40.1999,-15.9374],[34.5602,43.6238,-9.24341],[2.85765,3.00789,5.12393],false,[56.0449,58.0189,45.0403],[73.256,63.6625,-4.19569],[56.8378,48.0751,-26.799],[41.3569,43.2292,-19.728],[32.9948,43.8498,-6.57913],[[[0.500494,-0.862389,0.0761036],[0.801173,0.494685,0.336762],[-0.328067,-0.107575,0.938509]],[[0.406934,-0.862956,0.29952],[0.755659,0.133803,-0.641152],[0.513209,0.487242,0.706549]],[[0.406934,-0.862956,0.29952],[-0.262806,-0.424637,-0.866381],[0.874836,0.273845,-0.399589]],[[0.406934,-0.862956,0.29952],[-0.739517,-0.503711,-0.446531],[0.536208,-0.0397911,-0.843148]]],4]],[[0,200,0],[235.247,235.247,147.751]]],[48714,855909379,[[51,"right",[0.180719,0.348699,-0.919647],[-0.545933,-0.742206,-0.3887],[43.3019,80.1398,6.53867],[0.32604,2.57681,5.9877],[47.3371,79.0583,2.34738],1,1,1,[[0.816667,-0.575634,-0.041226],[0.568468,0.79007,0.22942],[-0.0994908,-0.210796,0.972454]],57.6505,[17.9449,10.564,290.153],[42.2487,62.0575,52.6006]]],[[510,[-0.144833,-0.187572,-0.971514],51,47.1521,[-8.06888,63.6913,-37.9389],[-11.1553,64.8914,-31.6535],[2.62516,1.10299,7.01535],false,[15.2536,68.487,53.1003],[15.2536,68.487,53.1003],[-5.82336,75.4084,13.7615],[-10.2912,69.6222,-16.2076],[-11.2357,63.7126,-36.5187],[[[0.852765,0.501595,0.145582],[-0.484786,0.656432,0.577996],[0.194355,-0.563471,0.802949]],[[0.670907,0.703065,-0.23576],[-0.576269,0.694415,0.430932],[0.466689,-0.153254,0.871042]],[[0.670907,0.703065,-0.23576],[-0.72726,0.685942,-0.0240159],[0.144833,0.187572,0.971514]],[[0.670907,0.703065,-0.23576],[-0.740199,0.65407,-0.155881],[0.044609,0.279091,0.959228]]],0],[511,[-0.564198,-0.723711,-0.397395],51,53.2059,[-8.6684,52.8683,-51.0758],[-10.9012,54.129,-46.4994],[-0.393,3.43157,5.08221],false,[32.631,80.8169,50.663],[29.9257,102.441,-12.2302],[8.0005,79.5781,-34.7568],[-4.33743,63.7519,-43.4471],[-12.8931,51.7368,-48.0723],[[[0.836835,-0.505639,-0.209848],[0.545944,0.79924,0.251316],[0.0406439,-0.324876,0.944883]],[[0.823166,-0.455835,-0.338544],[0.0650428,0.668014,-0.741301],[0.564063,0.588194,0.579536]],[[0.823166,-0.455835,-0.338544],[-0.0638616,0.518128,-0.852915],[0.564198,0.723711,0.397395]],[[0.823166,-0.455835,-0.338544],[-0.126749,0.433673,-0.892111],[0.553473,0.777266,0.299208]]],1],[512,[-0.677668,-0.663677,-0.316701],51,60.6239,[-5.93762,41.2323,-49.1339],[-6.9605,42.1445,-46.5256],[0.214081,3.48984,4.4566],false,[42.6726,76.6485,48.2338],[47.3124,92.5228,-12.6835],[19.4232,68.7987,-36.3715],[1.98835,51.7238,-44.5195],[-9.57057,39.7222,-47.899],[[[0.729219,-0.673675,-0.12001],[0.680321,0.694923,0.232905],[-0.0735043,-0.251484,0.965066]],[[0.732913,-0.64472,-0.217195],[0.232048,0.537012,-0.811031],[0.639525,0.544016,0.543189]],[[0.732913,-0.64472,-0.217195],[0.0600364,0.3793,-0.923324],[0.677668,0.663677,0.316701]],[[0.732913,-0.64472,-0.217195],[-0.0251639,0.293344,-0.955676],[0.679856,0.705893,0.198772]]],2],[513,[-0.625103,-0.579363,0.523054],51,58.2915,[21.3574,36.6942,-15.6491],[19.7789,41.2842,-9.2099],[3.30974,4.32785,7.04214],false,[51.3467,69.9502,46.3799],[62.4341,79.1713,-8.42805],[39.0096,59.4901,-34.8481],[23.3424,44.9694,-21.7387],[19.0551,40.4608,-6.02093],[[[0.657079,-0.753797,0.00610211],[0.727992,0.636645,0.254381],[-0.195636,-0.162706,0.967085]],[[0.664438,-0.746618,-0.032923],[0.471944,0.45334,-0.756143],[0.579475,0.486872,0.653578]],[[0.664438,-0.746618,-0.032923],[-0.409596,-0.326957,-0.851664],[0.625103,0.579363,-0.523054]],[[0.664438,-0.746618,-0.032923],[-0.702991,-0.609449,-0.366573],[0.253625,0.26671,-0.929807]]],3],[514,[-0.874658,-0.273906,0.399936],51,45.6994,[36.539,40.2008,-15.9359],[34.5915,43.6558,-9.19511],[2.77259,2.94578,4.93781],false,[56.0685,58.0398,45.0933],[73.2684,63.6932,-4.14546],[56.8577,48.1077,-26.7555],[41.38,43.2607,-19.6783],[33.0284,43.8841,-6.52295],[[[0.500642,-0.862323,0.0758751],[0.801167,0.49476,0.336667],[-0.327855,-0.107761,0.938562]],[[0.40711,-0.862932,0.299349],[0.755723,0.134171,-0.641],[0.512976,0.487182,0.70676]],[[0.40711,-0.862932,0.299349],[-0.263124,-0.424646,-0.86628],[0.874658,0.273906,-0.399936]],[[0.40711,-0.862932,0.299349],[-0.739908,-0.503736,-0.445854],[0.535534,-0.0399788,-0.843567]]],4]],[[0,200,0],[235.247,235.247,147.751]]],[48715,855918498,[[51,"right",[0.180504,0.34881,-0.919647],[-0.545908,-0.74224,-0.38867],[43.3164,80.1673,6.58996],[0.67498,2.69766,5.88695],[47.3368,79.0584,2.34773],1,1,1,[[0.81671,-0.575575,-0.041209],[0.568389,0.790075,0.229599],[-0.099593,-0.210938,0.972413]],57.6505,[17.9452,10.5521,290.193],[42.2739,62.0805,52.6504]]],[[510,[-0.144774,-0.187585,-0.971521],51,47.1521,[-8.06917,63.6915,-37.9382],[-11.1215,64.9083,-31.5972],[3.21792,0.933535,6.94723],false,[15.2781,68.5064,53.1556],[15.2781,68.5064,53.1556],[-5.80252,75.4307,13.8194],[-10.2685,69.6441,-16.15],[-11.1861,63.7119,-36.4557],[[[0.852727,0.501692,0.145473],[-0.484765,0.656314,0.578148],[0.194576,-0.563522,0.802859]],[[0.670833,0.703146,-0.235733],[-0.576289,0.69432,0.431058],[0.46677,-0.153318,0.870988]],[[0.670833,0.703146,-0.235733],[-0.72734,0.685856,-0.0240406],[0.144774,0.187585,0.971521]],[[0.670833,0.703146,-0.235733],[-0.740341,0.653528,-0.157467],[0.0433358,0.280156,0.958976]]],0],[511,[-0.564179,-0.723753,-0.397346],51,53.2059,[-8.67005,52.8695,-51.0728],[-10.8933,54.1581,-46.4448],[-0.0426839,3.31514,5.4206],false,[32.6535,80.8388,50.7163],[29.9338,102.469,-12.1743],[8.00737,79.6073,-34.7015],[-4.33015,63.7802,-43.3907],[-12.885,51.764,-48.0145],[[[0.836862,-0.50551,-0.21005],[0.545887,0.799287,0.251292],[0.0408599,-0.32496,0.944845]],[[0.82316,-0.455687,-0.338759],[0.0648528,0.668155,-0.74119],[0.564094,0.588149,0.579551]],[[0.82316,-0.455687,-0.338759],[-0.0641127,0.5182,-0.852853],[0.564179,0.723753,0.397346]],[[0.82316,-0.455687,-0.338759],[-0.127028,0.433696,-0.892061],[0.553418,0.77734,0.299116]]],1],[512,[-0.677643,-0.66375,-0.3166],51,60.6239,[-5.93903,41.2341,-49.1309],[-6.9499,42.1742,-46.474],[0.474486,3.37646,4.90391],false,[42.6951,76.672,48.2849],[47.3216,92.5526,-12.6317],[19.4323,68.8301,-36.3211],[1.99809,51.7533,-44.4665],[-9.55983,39.7498,-47.843],[[[0.729284,-0.673569,-0.120208],[0.680274,0.694989,0.232846],[-0.0732942,-0.251585,0.965056]],[[0.732957,-0.6446,-0.217403],[0.231897,0.537193,-0.810955],[0.639529,0.54398,0.54322]],[[0.732957,-0.6446,-0.217403],[0.0597796,0.379376,-0.923309],[0.677643,0.66375,0.3166]],[[0.732957,-0.6446,-0.217403],[-0.0254747,0.293349,-0.955666],[0.679797,0.706001,0.198591]]],2],[513,[-0.624595,-0.57919,0.52385],51,58.2915,[21.357,36.6958,-15.647],[19.8208,41.3321,-9.16014],[3.78478,4.71058,7.15156],false,[51.3698,69.9749,46.4287],[62.4459,79.2027,-8.38037],[39.0258,59.5265,-34.8081],[23.3714,45.0101,-21.6787],[19.1059,40.5162,-5.95078],[[[0.657179,-0.753712,0.00590965],[0.727956,0.636716,0.254307],[-0.195437,-0.162823,0.967105]],[[0.664523,-0.746536,-0.0330792],[0.471959,0.453608,-0.755972],[0.579365,0.486749,0.653767]],[[0.664523,-0.746536,-0.0330792],[-0.410232,-0.327449,-0.851168],[0.624595,0.57919,-0.52385]],[[0.664523,-0.746536,-0.0330792],[-0.703376,-0.60993,-0.365031],[0.252333,0.265839,-0.930407]]],3],[514,[-0.874459,-0.273868,0.400396],51,45.6994,[36.5387,40.2015,-15.9346],[34.6265,43.6916,-9.151],[3.07275,3.29359,5.15523],false,[56.0929,58.0653,45.1402],[73.283,63.7255,-4.10124],[56.8797,48.1412,-26.7174],[41.4055,43.2949,-19.6321],[33.0664,43.9237,-6.46901],[[[0.500768,-0.862265,0.0757011],[0.801164,0.494832,0.336566],[-0.327669,-0.107893,0.938612]],[[0.40726,-0.862903,0.299228],[0.755799,0.134485,-0.640845],[0.512746,0.487146,0.706951]],[[0.40726,-0.862903,0.299228],[-0.263554,-0.424728,-0.866109],[0.874459,0.273868,-0.400396]],[[0.40726,-0.862903,0.299228],[-0.740408,-0.503758,-0.444999],[0.53473,-0.0403206,-0.844061]]],4]],[[0,200,0],[235.247,235.247,147.751]]],[48716,855937048,[[51,"right",[0.180274,0.348961,-0.919634],[-0.545874,-0.742268,-0.388665],[43.3514,80.2093,6.67332],[1.26169,2.48844,5.21264],[47.3361,79.0586,2.3484],1,1,1,[[0.816755,-0.575514,-0.041165],[0.56829,0.79006,0.229894],[-0.0997845,-0.211161,0.972345]],57.6505,[17.945,10.5333,290.258],[42.3206,62.1161,52.7315]]],[[510,[-0.144204,-0.188126,-0.971501],51,47.1521,[-8.06991,63.6918,-37.9366],[-11.0266,64.9073,-31.5113],[4.82507,-0.613966,6.13438],false,[15.3239,68.538,53.2428],[15.3239,68.538,53.2428],[-5.75524,75.4546,13.9044],[-10.2036,69.6513,-16.0643],[-11.048,63.6552,-36.3544],[[[0.852681,0.501798,0.145375],[-0.48475,0.656164,0.578331],[0.194816,-0.563602,0.802745]],[[0.670703,0.703267,-0.235739],[-0.576467,0.694234,0.430958],[0.466737,-0.153149,0.871035]],[[0.670703,0.703267,-0.235739],[-0.727573,0.685583,-0.0247628],[0.144204,0.188126,0.971501]],[[0.670703,0.703267,-0.235739],[-0.740653,0.652093,-0.161885],[0.0398755,0.283178,0.958238]]],0],[511,[-0.564142,-0.723855,-0.397212],51,53.2059,[-8.67227,52.8712,-51.0685],[-10.8647,54.2024,-46.3573],[0.732374,2.76561,5.24227],false,[32.697,80.8732,50.8019],[29.9618,102.511,-12.0853],[8.03442,79.6518,-34.6135],[-4.30229,63.8225,-43.2997],[-12.8557,51.8039,-47.9199],[[[0.836896,-0.505358,-0.210281],[0.545817,0.799334,0.251294],[0.0410914,-0.325082,0.944793]],[[0.823159,-0.455512,-0.338997],[0.0646395,0.668317,-0.741063],[0.56412,0.5881,0.579575]],[[0.823159,-0.455512,-0.338997],[-0.0644499,0.518211,-0.852821],[0.564142,0.723855,0.397212]],[[0.823159,-0.455512,-0.338997],[-0.127421,0.433607,-0.892048],[0.55333,0.777492,0.298885]]],1],[512,[-0.677607,-0.663827,-0.316514],51,60.6239,[-5.9409,41.2368,-49.1266],[-6.91872,42.2181,-46.3892],[1.05679,2.84586,4.82728],false,[42.7388,76.7082,48.3679],[47.3511,92.5978,-12.5475],[19.4616,68.8757,-36.2372],[2.02832,51.7969,-44.3804],[-9.52845,39.7917,-47.7544],[[[0.729361,-0.673444,-0.120441],[0.680216,0.695059,0.232808],[-0.0730696,-0.251726,0.965036]],[[0.733011,-0.64447,-0.217609],[0.231721,0.537359,-0.810895],[0.639532,0.54397,0.543227]],[[0.733011,-0.64447,-0.217609],[0.059529,0.379462,-0.92329],[0.677607,0.663827,0.316514]],[[0.733011,-0.64447,-0.217609],[-0.0257606,0.293381,-0.955648],[0.679729,0.706106,0.198449]]],2],[513,[-0.623907,-0.578976,0.524907],51,58.2915,[21.3561,36.6997,-15.6422],[19.9022,41.4103,-9.08888],[4.28711,4.67582,6.13822],false,[51.4141,70.0127,46.5092],[62.4782,79.2496,-8.30085],[39.0719,59.5895,-34.7528],[23.4347,45.0784,-21.5969],[19.2031,40.6076,-5.85335],[[[0.657291,-0.753615,0.00567998],[0.727912,0.636789,0.254252],[-0.195225,-0.162983,0.967121]],[[0.664631,-0.746428,-0.0333316],[0.472227,0.454212,-0.755442],[0.579023,0.48635,0.654367]],[[0.664631,-0.746428,-0.0333316],[-0.411103,-0.328073,-0.850507],[0.623907,0.578976,-0.524907]],[[0.664631,-0.746428,-0.0333316],[-0.703991,-0.610651,-0.362633],[0.250325,0.264482,-0.931336]]],3],[514,[-0.873709,-0.273161,0.402512],51,45.6994,[36.538,40.2033,-15.9314],[34.709,43.7619,-9.05604],[3.75389,3.8123,6.08027],false,[56.1386,58.104,45.2181],[73.3184,63.7735,-4.02592],[56.9156,48.1917,-26.6443],[41.4546,43.3579,-19.5216],[33.1596,44.01,-6.33179],[[[0.50091,-0.862201,0.0754871],[0.801156,0.494905,0.336478],[-0.327471,-0.108068,0.938661]],[[0.407496,-0.862895,0.29893],[0.755683,0.134838,-0.640908],[0.512729,0.487063,0.707021]],[[0.407496,-0.862895,0.29893],[-0.265669,-0.4252,-0.865231],[0.873709,0.273161,-0.402512]],[[0.407496,-0.862895,0.29893],[-0.742311,-0.50365,-0.44194],[0.531904,-0.0418106,-0.845772]]],4]],[[0,200,0],[235.247,235.247,147.751]]],[48717,855945338,[[51,"right",[0.180193,0.349277,-0.91953],[-0.545732,-0.742257,-0.388884],[43.3733,80.2316,6.73762],[1.61562,2.54111,5.86368],[47.3359,79.0586,2.34869],1,1,1,[[0.816844,-0.575394,-0.0410966],[0.568144,0.790122,0.230041],[-0.0998926,-0.211256,0.972313]],57.6505,[17.9447,10.5182,290.309],[42.3467,62.1242,52.7903]]],[[510,[-0.143996,-0.187977,-0.971561],51,47.1521,[-8.07026,63.692,-37.9358],[-10.9857,64.9243,-31.453],[5.01497,-0.175523,6.48438],false,[15.3487,68.5406,53.3039],[15.3487,68.5406,53.3039],[-5.73026,75.4661,13.967],[-10.1722,69.6674,-16.0036],[-10.9974,63.6623,-36.2918],[[[0.852583,0.501923,0.145517],[-0.484872,0.655892,0.578537],[0.194937,-0.563808,0.802571]],[[0.67059,0.703457,-0.235493],[-0.576601,0.693998,0.431159],[0.466734,-0.153346,0.871002]],[[0.67059,0.703457,-0.235493],[-0.727719,0.685429,-0.0247607],[0.143996,0.187977,0.971561]],[[0.67059,0.703457,-0.235493],[-0.740804,0.651703,-0.162768],[0.0389713,0.283604,0.958149]]],0],[511,[-0.563994,-0.723914,-0.397316],51,53.2059,[-8.67311,52.8719,-51.0669],[-10.8379,54.2318,-46.3016],[1.38377,2.87577,5.76508],false,[32.7193,80.88,50.8665],[29.9791,102.537,-12.014],[8.05621,79.6809,-34.5504],[-4.27725,63.8503,-43.2389],[-12.8279,51.83,-47.8597],[[[0.836993,-0.505128,-0.210446],[0.545662,0.799365,0.251531],[0.041168,-0.325362,0.944693]],[[0.823247,-0.455251,-0.339133],[0.0645365,0.668579,-0.740836],[0.564004,0.588004,0.579786]],[[0.823247,-0.455251,-0.339133],[-0.0646243,0.518358,-0.852718],[0.563993,0.723914,0.397316]],[[0.823247,-0.455251,-0.339133],[-0.127628,0.433676,-0.891984],[0.553151,0.777606,0.29892]]],1],[512,[-0.677485,-0.663908,-0.316608],51,60.6239,[-5.94159,41.2378,-49.1249],[-6.88917,42.2483,-46.3377],[1.69677,2.98275,5.33074],false,[42.7619,76.7177,48.4312],[47.3703,92.6268,-12.4794],[19.4861,68.9075,-36.1781],[2.05595,51.8267,-44.3237],[-9.49841,39.8192,-47.6982],[[[0.729492,-0.673263,-0.120656],[0.680082,0.695122,0.233011],[-0.0730072,-0.252035,0.96496]],[[0.733135,-0.644267,-0.21779],[0.231659,0.537668,-0.810708],[0.639411,0.543905,0.543434]],[[0.733135,-0.644267,-0.21779],[0.0593875,0.379666,-0.923215],[0.677485,0.663908,0.316608]],[[0.733135,-0.644267,-0.21779],[-0.025943,0.293514,-0.955603],[0.679588,0.706236,0.198471]]],2],[513,[-0.623195,-0.578836,0.525906],51,58.2915,[21.3557,36.7015,-15.6399],[19.9616,41.4575,-9.02488],[5.21215,5.09409,7.32732],false,[51.4385,70.0245,46.5702],[62.5001,79.2802,-8.23709],[39.0985,59.626,-34.6976],[23.4792,45.1185,-21.5166],[19.2749,40.6635,-5.76124],[[[0.657441,-0.753487,0.00544171],[0.727789,0.636856,0.254437],[-0.195181,-0.163317,0.967074]],[[0.664787,-0.746277,-0.033618],[0.472151,0.454616,-0.755247],[0.578906,0.486205,0.654578]],[[0.664787,-0.746277,-0.033618],[-0.411931,-0.328665,-0.849878],[0.623195,0.578836,-0.525906]],[[0.664787,-0.746277,-0.033618],[-0.704416,-0.611244,-0.360804],[0.248711,0.263539,-0.932036]]],3],[514,[-0.873355,-0.27306,0.403348],51,45.6994,[36.5377,40.2041,-15.9299],[34.7639,43.8015,-8.99823],[4.56856,4.22776,6.7723],false,[56.1654,58.1171,45.2754],[73.3434,63.805,-3.96702],[56.9502,48.2291,-26.5964],[41.4956,43.3971,-19.4588],[33.2221,44.0568,-6.25595],[[[0.501082,-0.862125,0.0752178],[0.801063,0.494961,0.336619],[-0.327437,-0.108419,0.938632]],[[0.4077,-0.862913,0.298601],[0.755777,0.135381,-0.640682],[0.512428,0.486882,0.707364]],[[0.4077,-0.862913,0.298601],[-0.266518,-0.425229,-0.864956],[0.873355,0.27306,-0.403348]],[[0.4077,-0.862913,0.298601],[-0.743186,-0.503579,-0.440548],[0.530524,-0.0423043,-0.846614]]],4]],[[0,200,0],[235.247,235.247,147.751]]],[48718,855954346,[[51,"right",[0.18012,0.349721,-0.919376],[-0.545491,-0.742259,-0.389218],[43.416,80.2661,6.83721],[2.47514,2.89615,7.29055],[47.3356,79.0587,2.349],1,1,1,[[0.816987,-0.575198,-0.0409752],[0.567904,0.790222,0.23029],[-0.100083,-0.211414,0.972259]],57.6505,[17.9448,10.4943,290.387],[42.3932,62.1389,52.8822]]],[[510,[-0.143541,-0.187825,-0.971657],51,47.1521,[-8.07067,63.6922,-37.9348],[-10.9023,64.9449,-31.3637],[6.53893,0.038685,7.65525],false,[15.3933,68.5468,53.3975],[15.3933,68.5468,53.3975],[-5.68355,75.4872,14.0621],[-10.1115,69.6932,-15.9115],[-10.892,63.6616,-36.1936],[[[0.852425,0.502122,0.145761],[-0.485094,0.655499,0.578797],[0.19508,-0.564088,0.802339]],[[0.67045,0.703729,-0.235078],[-0.576801,0.69365,0.431452],[0.466687,-0.153674,0.870969]],[[0.67045,0.703729,-0.235078],[-0.727937,0.685191,-0.0249136],[0.143541,0.187825,0.971657]],[[0.67045,0.703729,-0.235078],[-0.741038,0.650865,-0.165038],[0.0368618,0.284852,0.957863]]],0],[511,[-0.563727,-0.724107,-0.397342],51,53.2059,[-8.67387,52.8725,-51.0653],[-10.7841,54.2746,-46.2166],[2.68269,3.15899,7.13432],false,[32.7602,80.8926,50.966],[30.0157,102.575,-11.9055],[8.10156,79.7239,-34.455],[-4.22607,63.889,-43.1441],[-12.7717,51.8641,-47.7623],[[[0.837155,-0.504783,-0.210629],[0.545409,0.799426,0.251889],[0.041233,-0.325749,0.944557]],[[0.823407,-0.45488,-0.339241],[0.0644507,0.668935,-0.740522],[0.563779,0.587887,0.580123]],[[0.823407,-0.45488,-0.339241],[-0.0649042,0.518414,-0.852663],[0.563727,0.724107,0.397342]],[[0.823407,-0.45488,-0.339241],[-0.127999,0.433538,-0.891998],[0.552826,0.7779,0.298755]]],1],[512,[-0.677292,-0.664147,-0.316518],51,60.6239,[-5.9422,41.2388,-49.1232],[-6.83107,42.2931,-46.2576],[2.98987,3.29773,6.80662],false,[42.8042,76.7344,48.5292],[47.41,92.6707,-12.3745],[19.5357,68.9552,-36.0886],[2.11048,51.8682,-44.2319],[-9.4398,39.8552,-47.6004],[[[0.729702,-0.672989,-0.120914],[0.679861,0.695231,0.23333],[-0.0729654,-0.252466,0.964851]],[[0.73334,-0.643969,-0.217983],[0.231639,0.538113,-0.810418],[0.639183,0.543819,0.543788]],[[0.73334,-0.643969,-0.217983],[0.0590553,0.379754,-0.923201],[0.677292,0.664147,0.316518]],[[0.73334,-0.643969,-0.217983],[-0.0264342,0.293377,-0.955631],[0.679348,0.706565,0.198123]]],2],[513,[-0.621467,-0.578074,0.528781],51,58.2915,[21.3553,36.7036,-15.6372],[20.0845,41.5467,-8.89379],[7.94641,6.75206,11.2955],false,[51.4829,70.0447,46.6658],[62.5436,79.327,-8.1372],[39.1417,59.6718,-34.5967],[23.5657,45.1834,-21.3437],[19.4264,40.7743,-5.55823],[[[0.65767,-0.753288,0.00514702],[0.727585,0.63697,0.254733],[-0.195166,-0.163786,0.966998]],[[0.66503,-0.746043,-0.0339916],[0.471798,0.454976,-0.755251],[0.578915,0.486227,0.654554]],[[0.66503,-0.746043,-0.0339916],[-0.414143,-0.330531,-0.848077],[0.621467,0.578074,-0.528781]],[[0.66503,-0.746043,-0.0339916],[-0.705532,-0.612692,-0.356136],[0.244866,0.260823,-0.933816]]],3],[514,[-0.872695,-0.272578,0.405099],51,45.6994,[36.5373,40.2051,-15.9281],[34.8655,43.8689,-8.89915],[6.54065,5.46201,8.85516],false,[56.2135,58.1392,45.3661],[73.3915,63.8532,-3.87328],[57.0125,48.2837,-26.5172],[41.5695,43.4602,-19.3487],[33.3374,44.14,-6.12095],[[[0.501343,-0.862003,0.0748714],[0.800899,0.495063,0.336857],[-0.327438,-0.108916,0.938574]],[[0.407961,-0.862916,0.298233],[0.755934,0.136071,-0.64035],[0.511988,0.486683,0.70782]],[[0.407961,-0.862916,0.298233],[-0.268274,-0.425531,-0.864264],[0.872695,0.272578,-0.405099]],[[0.407961,-0.862916,0.298233],[-0.744932,-0.503463,-0.437723],[0.527868,-0.0435895,-0.848207]]],4]],[[0,200,0],[2