{"metadata":{"formatVersion":2,"generatedBy":"LeapJS Playback 0.2.1","frames":411,"protocolVersion":6,"serviceVersion":"2.3.1+31549","frameRate":"66","modified":"Sat Sep 19 2015 21:14:09 GMT-0400 (EDT)"},"frames":[["id","timestamp",{"hands":[["id","type","direction","palmNormal","palmPosition","palmVelocity","stabilizedPalmPosition","pinchStrength","grabStrength","confidence","armBasis","armWidth","elbow","wrist"]]},{"pointables":[["id","direction","handId","length","stabilizedTipPosition","tipPosition","tipVelocity","tool","carpPosition","mcpPosition","pipPosition","dipPosition","btipPosition","bases","type"]]},{"interactionBox":["center","size"]}],[68489,42174502952,[[91,"right",[0.745704,-0.609369,-0.269435],[0.213398,-0.164649,0.962991],[-0.710753,165.499,-36.5131],[115.702,137.262,-4.38042],[-3.78374,162.21,-36.4003],0.6197,0.698723,0.176062,[[0.76849,0.171571,-0.61643],[-0.609374,0.49007,-0.623293],[0.195155,0.854631,0.481165]],57.3177,[13.9635,408.623,89.6438],[-33.4341,201.057,-27.2174]]],[[910,[0.764912,-0.638491,0.0850804],91,46.8799,[3.30235,120.943,-11.3344],[5.2094,120.729,-15.9383],[77.5647,-37.9717,-94.6836],false,[-49.8421,181.444,-16.8466],[-49.8421,181.444,-16.8466],[-34.0026,139.637,-21.0262],[-10.5429,120.054,-18.4168],[9.72044,119.711,-12.7187],[[[0.208627,0.340459,-0.916822],[-0.894426,-0.312752,-0.31967],[-0.395573,0.886721,0.239267]],[[0.268529,0.196024,-0.943115],[-0.896357,-0.307695,-0.319169],[-0.352757,0.931074,0.093083]],[[0.268529,0.196024,-0.943115],[-0.585493,-0.744247,-0.321395],[-0.764912,0.638491,-0.0850804]],[[0.268529,0.196024,-0.943115],[0.0376571,-0.980463,-0.193065],[-0.962535,0.0163285,-0.270664]]],0],[911,[0.189359,-0.123433,0.974119],91,52.8988,[23.765,117.931,21.212],[27.9153,113.4,12.737],[75.8083,-97.2969,-199.247],false,[-41.8387,184.102,-36.4304],[1.4306,134.648,-44.2801],[23.6514,114.983,-19.521],[27.7684,112.3,1.65819],[26.4582,114.421,16.8235],[[[0.747424,0.662278,-0.0523947],[-0.11771,0.0543984,-0.991557],[-0.653836,0.747281,0.118615]],[[0.68793,0.724566,-0.0419148],[0.442879,-0.464836,-0.766672],[-0.574988,0.508853,-0.640669]],[[0.68793,0.724566,-0.0419148],[0.70064,-0.678062,-0.222117],[-0.189359,0.123433,-0.974119]],[[0.68793,0.724566,-0.0419148],[0.720753,-0.675243,0.15672],[0.0852511,-0.138022,-0.986753]]],1],[912,[-0.10497,-0.0737767,0.991735],91,60.2739,[26.0659,126.498,25.8959],[24.2761,126.971,22.4325],[-108.392,60.5078,-78.4253],false,[-33.483,191.045,-38.5857],[13.5947,150.273,-46.3218],[30.5171,127.319,-13.6626],[27.8321,125.432,11.7052],[21.6311,128.901,27.0432],[[[0.661259,0.738107,0.133922],[-0.00398063,0.181974,-0.983295],[-0.750147,0.649679,0.12327]],[[0.703905,0.698938,0.1265],[0.59345,-0.480849,-0.645446],[-0.3903,0.529405,-0.753257]],[[0.703905,0.698938,0.1265],[0.702494,-0.711366,0.021436],[0.10497,0.0737767,-0.991735]],[[0.703905,0.698938,0.1265],[0.608232,-0.685105,0.400855],[0.366839,-0.205223,-0.907366]]],2],[913,[-0.187592,-0.139496,0.972291],91,57.955,[25.3941,150.421,21.9062],[28.7767,145.892,20.7521],[74.6134,-123.855,-44.9958],false,[-25.6611,198.83,-38.0003],[21.676,169.056,-44.9011],[38.1428,149.082,-14.158],[33.4683,145.606,10.0701],[25.3215,147.211,24.6824],[[[0.542067,0.809835,0.224343],[0.0193625,0.254861,-0.966784],[-0.840112,0.528405,0.122472]],[[0.556353,0.800682,0.222216],[0.722911,-0.334529,-0.604558],[-0.409721,0.496991,-0.764938]],[[0.556353,0.800682,0.222216],[0.809494,-0.582623,0.0725921],[0.187592,0.139496,-0.972291]],[[0.556353,0.800682,0.222216],[0.674911,-0.591426,0.44126],[0.484733,-0.0955202,-0.869431]]],3],[914,[-0.159119,-0.364619,0.917461],91,45.4356,[29.4978,158.939,1.71965],[35.5268,159.396,8.03173],[75.8892,-52.3631,13.8467],false,[-19.0486,207.296,-31.0365],[28.0054,186.366,-39.3088],[43.2369,168.445,-17.8964],[40.4374,162.03,-1.75499],[32.7944,159.426,11.4815],[[[0.430489,0.812232,0.393646],[0.0291394,0.423393,-0.905477],[-0.902125,0.401269,0.158598]],[[0.408249,0.821823,0.397415],[0.777178,-0.0845221,-0.623579],[-0.478881,0.563438,-0.673209]],[[0.408249,0.821823,0.397415],[0.898896,-0.437789,-0.0180874],[0.159119,0.364619,-0.917461]],[[0.408249,0.821823,0.397415],[0.768338,-0.544423,0.336541],[0.492939,0.167957,-0.853699]]],4]],[[0,200,0],[235.247,235.247,147.751]]],[68490,42174522800,[[91,"right",[0.750279,-0.558174,-0.354292],[0.190308,-0.330871,0.924287],[3.17247,169.233,-35.5116],[156.262,163.051,23.4405],[0.500093,166.535,-35.853],0.65755,0.701863,0.140437,[[0.886284,0.0894702,-0.454418],[-0.434349,0.501122,-0.748477],[0.160753,0.860739,0.482998]],57.3177,[9.37222,411.898,96.3863],[-29.67,202.849,-20.9201]]],[[910,[0.746878,-0.6649,0.00899518],91,46.8799,[4.31512,120.527,-13.2018],[7.92567,120.489,-21.0731],[102.195,-34.0067,-178.573],false,[-46.3667,181.84,-14.4921],[-46.3667,181.84,-14.4921],[-30.7915,140.862,-24.2093],[-7.88493,120.47,-23.9334],[12.1773,118.809,-17.7738],[[[0.230961,0.493206,-0.838693],[-0.887461,-0.24656,-0.389384],[-0.398835,0.83424,0.380755]],[[0.301998,0.327118,-0.895428],[-0.887964,-0.245241,-0.389072],[-0.346868,0.912606,0.216407]],[[0.301998,0.327118,-0.895428],[-0.592427,-0.671492,-0.445116],[-0.746878,0.6649,-0.00899518]],[[0.301998,0.327118,-0.895428],[0.0250703,-0.941685,-0.335562],[-0.952979,0.0788901,-0.292587]]],0],[911,[0.163225,-0.289628,0.943119],91,52.8988,[24.4791,116.845,19.1117],[30.3123,109.275,4.66687],[99.0743,-156.018,-303.471],false,[-37.8988,187.808,-33.129],[5.41748,140.187,-48.4736],[26.9427,116.372,-26.9565],[30.4915,110.075,-6.45134],[28.781,109.594,8.81452],[[[0.750123,0.656378,0.0805185],[-0.0942546,0.226635,-0.969408],[-0.654546,0.719587,0.231871]],[[0.691527,0.715394,0.100013],[0.459949,-0.329322,-0.824618],[-0.55699,0.616246,-0.556779]],[[0.691527,0.715394,0.100013],[0.703668,-0.635868,-0.317056],[-0.163225,0.289628,-0.943119]],[[0.691527,0.715394,0.100013],[0.713725,-0.698021,0.0579927],[0.111299,0.0312782,-0.993295]]],1],[912,[-0.165985,-0.206616,0.96424],91,60.2739,[25.3905,125.939,24.2948],[24.5173,122.776,17.5331],[-54.0856,-75.4198,-161.706],false,[-29.4773,194.965,-33.854],[17.6657,155.848,-47.4913],[32.7415,128.162,-17.7245],[28.4958,122.877,6.94001],[21.3981,124.318,22.2138],[[[0.659799,0.699244,0.275178],[0.019572,0.350084,-0.936514],[-0.751187,0.623297,0.217299]],[[0.700219,0.663809,0.262776],[0.623531,-0.389362,-0.677943],[-0.347709,0.638558,-0.686544]],[[0.700219,0.663809,0.262776],[0.694364,-0.718796,-0.0344945],[0.165985,0.206616,-0.96424]],[[0.700219,0.663809,0.262776],[0.577398,-0.74303,0.338405],[0.419887,-0.0852315,-0.903566]]],2],[913,[-0.210675,-0.305081,0.928731],91,57.955,[27.2219,146.232,20.5836],[31.2409,139.788,18.1322],[99.973,-219.948,-86.2863],false,[-21.6516,202.478,-31.7468],[25.759,174.046,-42.6435],[41.4499,148.922,-15.4796],[36.2002,141.32,7.66304],[27.7173,140.417,22.1437],[[[0.538699,0.754952,0.373966],[0.0427055,0.418838,-0.907056],[-0.841415,0.5046,0.193387]],[[0.553137,0.746133,0.370573],[0.735945,-0.229176,-0.637074],[-0.390416,0.625111,-0.675878]],[[0.553137,0.746133,0.370573],[0.806012,-0.591787,-0.0115599],[0.210675,0.305081,-0.928731]],[[0.553137,0.746133,0.370573],[0.662783,-0.663624,0.346873],[0.504735,0.0537415,-0.8616]]],3],[914,[-0.189524,-0.513999,0.836592],91,45.4356,[30.6294,158.491,2.76382],[38.0292,155.4,8.19737],[100.678,-129.791,12.7331],false,[-15.183,209.562,-23.2689],[31.9991,190.079,-33.9846],[46.5907,168.648,-15.5602],[43.2563,159.605,-0.84155],[35.1681,154.867,11.509],[[[0.423182,0.728629,0.538532],[0.0514669,0.574086,-0.817176],[-0.904582,0.373531,0.205443]],[[0.398003,0.738681,0.544008],[0.794438,0.0190204,-0.607048],[-0.458762,0.673787,-0.579266]],[[0.398003,0.738681,0.544008],[0.897594,-0.436068,-0.0645759],[0.189524,0.513999,-0.836592]],[[0.398003,0.738681,0.544008],[0.754631,-0.600818,0.263722],[0.521656,0.305563,-0.796559]]],4]],[[0,200,0],[235.247,235.247,147.751]]],[68491,42174543134,[[91,"right",[0.749483,-0.581043,-0.317276],[0.114274,-0.358512,0.926504],[6.13747,173.567,-36.4133],[150.873,188.894,-11.5223],[4.52112,171.551,-36.2527],0.700605,0.703743,0.10366,[[0.926568,0.042668,-0.373698],[-0.339925,0.520284,-0.783426],[0.161002,0.852927,0.496582]],57.3177,[12.8618,415.346,97.3907],[-26.241,208.194,-23.215]]],[[910,[0.70033,-0.710457,0.0691991],91,46.8799,[4.64917,120.775,-14.1197],[6.9744,123.318,-20.5935],[15.4809,53.4104,-67.5001],false,[-44.1597,187.763,-18.4253],[-44.1597,187.763,-18.4253],[-30.2023,145.851,-26.474],[-8.7233,124.061,-24.3517],[10.6869,121.314,-16.6779],[[[0.306436,0.501297,-0.809196],[-0.868397,-0.200935,-0.453335],[-0.389851,0.841621,0.373751]],[[0.387128,0.296576,-0.873026],[-0.868049,-0.20198,-0.453535],[-0.310841,0.933406,0.17925]],[[0.387128,0.296576,-0.873026],[-0.599725,-0.638195,-0.482739],[-0.70033,0.710457,-0.0691991]],[[0.387128,0.296576,-0.873026],[-0.0058274,-0.94605,-0.323967],[-0.922008,0.130504,-0.364514]]],0],[911,[0.0859417,-0.315084,0.945165],91,52.8988,[24.6147,116.578,18.2768],[27.9707,111.736,4.05408],[-11.388,-12.3391,-164.494],false,[-34.2248,193.777,-36.3075],[8.08559,144.742,-49.9046],[27.1065,119.59,-27.5644],[28.9751,112.74,-7.0148],[26.1949,112.034,8.08408],[[[0.768669,0.622725,0.146158],[-0.0196508,0.251379,-0.967689],[-0.639345,0.74096,0.205464]],[[0.711869,0.683134,0.163004],[0.500992,-0.331287,-0.799535],[-0.492188,0.650828,-0.578078]],[[0.711869,0.683134,0.163004],[0.697034,-0.658825,-0.283008],[-0.0859417,0.315084,-0.945165]],[[0.711869,0.683134,0.163004],[0.678615,-0.728849,0.0908904],[0.180895,0.0459147,-0.98243]]],1],[912,[-0.256758,-0.20067,0.945414],91,60.2739,[23.9316,126.316,22.8811],[20.8073,126.202,17.3254],[-122.083,53.3123,-87.3382],false,[-25.4938,200.592,-36.2967],[20.8569,159.855,-47.7287],[32.1974,131.333,-17.106],[25.6297,126.2,7.07699],[17.3446,127.924,21.71],[[[0.667236,0.665067,0.335384],[0.0965528,0.369246,-0.924302],[-0.738562,0.64911,0.18216]],[[0.705467,0.629705,0.325251],[0.658714,-0.413189,-0.628785],[-0.261559,0.657835,-0.706286]],[[0.705467,0.629705,0.325251],[0.6606,-0.750469,0.0201164],[0.256758,0.20067,-0.945414]],[[0.705467,0.629705,0.325251],[0.511942,-0.770112,0.380582],[0.490134,-0.101978,-0.865661]]],2],[913,[-0.282213,-0.318018,0.905108],91,57.955,[27.4665,144.976,19.9545],[29.3364,141.813,18.2329],[4.29475,-56.3779,-43.0103],false,[-17.5333,207.726,-33.4917],[29.3272,177.591,-41.9106],[42.2299,151.208,-14.475],[35.1975,143.283,8.07909],[25.7583,142.396,21.9564],[[[0.542088,0.723599,0.427252],[0.120384,0.436322,-0.891701],[-0.831654,0.534815,0.149415]],[[0.557012,0.713827,0.424486],[0.765945,-0.243964,-0.594819],[-0.321039,0.656454,-0.682643]],[[0.557012,0.713827,0.424486],[0.781085,-0.623951,0.0243114],[0.282213,0.318018,-0.905108]],[[0.557012,0.713827,0.424486],[0.611805,-0.698331,0.371521],[0.561634,0.0527606,-0.825702]]],3],[914,[-0.276841,-0.518207,0.80921],91,45.4356,[31.1407,158.461,3.42503],[37.0045,157.562,9.22627],[21.0759,-6.62665,30.5006],false,[-11.3717,214.348,-24.4323],[35.6071,193.159,-32.467],[47.938,170.778,-13.5273],[43.0674,161.661,0.709636],[33.8078,157.131,12.2916],[[[0.414797,0.698529,0.583096],[0.129282,0.589081,-0.797665],[-0.900683,0.406253,0.154042]],[[0.387248,0.710546,0.587506],[0.836504,-0.00282525,-0.547954],[-0.387687,0.703645,-0.595468]],[[0.387248,0.710546,0.587506],[0.879431,-0.47601,-0.00396642],[0.276841,0.518207,-0.80921]],[[0.387248,0.710546,0.587506],[0.702414,-0.640131,0.311204],[0.597205,0.29216,-0.746986]]],4]],[[0,200,0],[235.247,235.247,147.751]]],[68492,42174554091,[[91,"right",[0.749915,-0.586214,-0.306563],[0.0957234,-0.362378,0.927103],[6.79254,175.161,-36.4783],[121.407,174.854,-9.71545],[5.68815,173.406,-36.3686],0.731765,0.79146,0.104229,[[0.934242,0.0332419,-0.355086],[-0.31896,0.523301,-0.790203],[0.159549,0.851499,0.499493]],57.3177,[13.2322,416.818,97.6012],[-25.5177,210.013,-23.7113]]],[[910,[0.682466,-0.725711,0.0870872],91,46.8799,[4.7285,121.009,-14.5344],[6.26777,124.221,-19.8439],[-15.2306,62.7588,-26.4869],false,[-43.6818,189.715,-19.2908],[-43.6818,189.715,-19.2908],[-30.3668,147.472,-26.6682],[-9.43572,125.215,-23.9973],[9.76903,122.141,-15.9402],[[[0.324113,0.501306,-0.802274],[-0.86227,-0.192309,-0.468517],[-0.389155,0.843629,0.369931]],[[0.409177,0.280604,-0.868237],[-0.862927,-0.190233,-0.468155],[-0.296533,0.940783,0.164301]],[[0.409177,0.280604,-0.868237],[-0.605652,-0.628176,-0.488447],[-0.682466,0.725711,-0.0870872]],[[0.409177,0.280604,-0.868237],[-0.0193956,-0.94865,-0.315733],[-0.912249,0.14603,-0.382723]]],0],[911,[0.0226235,-0.275782,0.960954],91,52.8988,[24.5728,116.533,17.7469],[25.3928,114.651,5.35994],[-100.784,91.8589,-55.94],false,[-33.3983,195.704,-36.9836],[8.73042,146.364,-50.0303],[25.9955,121.598,-25.9037],[26.4874,115.602,-5.01079],[22.8435,115.587,9.91989],[[[0.771192,0.61588,0.161104],[-0.00130412,0.254597,-0.967046],[-0.636601,0.745568,0.197146]],[[0.718717,0.672629,0.176115],[0.532783,-0.370016,-0.761072],[-0.446753,0.640827,-0.624302]],[[0.718717,0.672629,0.176115],[0.694935,-0.68667,-0.213426],[-0.0226235,0.275782,-0.960954]],[[0.718717,0.672629,0.176115],[0.653631,-0.739979,0.158737],[0.237093,0.00102729,-0.971486]]],1],[912,[-0.275398,-0.200237,0.940245],91,60.2739,[23.1214,126.706,22.2093],[20.0049,127.646,17.4361],[-104.458,77.2836,-57.8784],false,[-24.6131,202.447,-36.8037],[21.587,161.364,-47.5902],[32.1193,132.689,-16.8221],[25.0748,127.567,7.22861],[16.5484,129.329,21.7178],[[[0.666942,0.65846,0.34874],[0.115118,0.37136,-0.921325],[-0.736164,0.654616,0.171875]],[[0.705017,0.622844,0.339142],[0.666291,-0.417924,-0.617573],[-0.242916,0.661366,-0.709638]],[[0.705017,0.622844,0.339142],[0.653535,-0.756287,0.0303599],[0.275398,0.200237,-0.940245]],[[0.705017,0.622844,0.339142],[0.498523,-0.775372,0.387652],[0.504407,-0.104231,-0.857152]]],2],[913,[-0.300052,-0.318486,0.899186],91,57.955,[27.4565,144.812,19.8094],[28.7969,143.05,18.4465],[-12.8079,-1.47146,-23.546],false,[-16.6426,209.505,-33.8418],[30.1038,179.01,-41.5721],[42.3273,152.433,-14.0129],[34.8504,144.497,8.39361],[25.1708,143.647,22.1066],[[[0.540751,0.717734,0.438686],[0.138948,0.438134,-0.888106],[-0.829627,0.541199,0.137194]],[[0.555677,0.707822,0.436131],[0.773771,-0.248393,-0.582735],[-0.304141,0.661278,-0.685718]],[[0.555677,0.707822,0.436131],[0.775365,-0.630519,0.0354077],[0.300052,0.318486,-0.899186]],[[0.555677,0.707822,0.436131],[0.599599,-0.704576,0.379544],[0.575938,0.0505995,-0.815926]]],3],[914,[-0.300366,-0.515468,0.802542],91,45.4356,[31.3494,158.511,3.74057],[36.5633,158.879,9.63253],[0.88707,34.9019,31.4432],false,[-10.58,216.048,-24.6584],[36.3516,194.496,-31.9729],[48.1538,171.968,-12.8719],[42.8693,162.899,1.24771],[33.2788,158.494,12.6064],[[[0.410655,0.693224,0.592287],[0.147517,0.590515,-0.79343],[-0.899778,0.413199,0.140236]],[[0.382137,0.705883,0.596406],[0.846335,-0.00818286,-0.532589],[-0.371065,0.708281,-0.60054]],[[0.382137,0.705883,0.596406],[0.873929,-0.48582,0.0150437],[0.300366,0.515468,-0.802542]],[[0.382137,0.705883,0.596406],[0.686562,-0.648854,0.328056],[0.61855,0.284108,-0.732583]]],4]],[[0,200,0],[235.247,235.247,147.751]]],[68493,42174563130,[[91,"right",[0.750576,-0.585409,-0.306484],[0.096364,-0.361887,0.927228],[6.76178,175.116,-36.4791],[87.0105,125.283,-7.06123],[6.16768,174.17,-36.418],0.764785,0.892061,0.118112,[[0.934076,0.0343643,-0.355416],[-0.319911,0.52268,-0.790229],[0.158613,0.851836,0.499217]],57.3177,[12.9336,416.819,97.5261],[-25.5889,209.932,-23.7194]]],[[910,[0.672892,-0.733256,0.0977337],91,46.8799,[4.71777,121.148,-14.7589],[5.62074,123.65,-18.7262],[-33.1704,29.7841,14.7123],false,[-43.7269,189.615,-19.2869],[-43.7269,189.615,-19.2869],[-30.7629,147.149,-25.9837],[-10.1255,124.661,-22.9862],[9.03211,121.638,-14.7982],[[[0.323326,0.501384,-0.802542],[-0.862128,-0.193564,-0.46826],[-0.390122,0.843295,0.369673]],[[0.413981,0.263777,-0.87123],[-0.863286,-0.189796,-0.46767],[-0.288717,0.945727,0.149143]],[[0.413981,0.263777,-0.87123],[-0.613054,-0.626704,-0.481048],[-0.672892,0.733256,-0.0977337]],[[0.413981,0.263777,-0.87123],[-0.0224794,-0.953841,-0.29947],[-0.910008,0.14356,-0.388942]]],0],[911,[-0.0285672,-0.223471,0.974292],91,52.8988,[24.3599,116.626,17.2244],[22.3501,117.266,7.11101],[-162.563,146.264,16.2765],false,[-33.4546,195.608,-36.9843],[8.73249,146.315,-50.0199],[24.7051,122.438,-24.1699],[24.084,117.579,-2.98699],[19.7468,118.392,11.7348],[[[0.770463,0.616899,0.160697],[-0.00181968,0.254207,-0.967148],[-0.637483,0.744859,0.196979]],[[0.72019,0.671318,0.175095],[0.557227,-0.409365,-0.722439],[-0.413308,0.617861,-0.668897]],[[0.72019,0.671318,0.175095],[0.693188,-0.706677,-0.141764],[0.0285672,0.223471,-0.974292]],[[0.72019,0.671318,0.175095],[0.633789,-0.739279,0.22755],[0.282202,-0.0529055,-0.957895]]],1],[912,[-0.27508,-0.200058,0.940376],91,60.2739,[22.5207,126.997,21.7105],[20.0135,127.665,17.4695],[-74.7805,55.9698,-41.3732],false,[-24.6777,202.362,-36.8088],[21.571,161.333,-47.5885],[32.141,132.686,-16.8071],[25.1046,127.568,7.24697],[16.5774,129.328,21.7359],[[[0.666198,0.659425,0.348337],[0.114467,0.371133,-0.921498],[-0.736938,0.653773,0.171766]],[[0.70431,0.623857,0.338747],[0.66672,-0.41744,-0.617437],[-0.243786,0.660716,-0.709945]],[[0.70431,0.623857,0.338747],[0.654429,-0.755499,0.0307079],[0.27508,0.200058,-0.940376]],[[0.70431,0.623857,0.338747],[0.499469,-0.774575,0.388026],[0.504457,-0.104097,-0.857139]]],2],[913,[-0.297654,-0.319877,0.899489],91,57.955,[27.4655,144.723,19.7321],[28.8294,143.05,18.4409],[-4.21856,-3.43046,-18.7908],false,[-16.7153,209.432,-33.8514],[30.0672,178.992,-41.5793],[42.4189,152.405,-14.0866],[35.0018,144.434,8.32739],[25.3411,143.565,22.0526],[[[0.539954,0.718579,0.438286],[0.138221,0.437949,-0.888311],[-0.830268,0.540227,0.137149]],[[0.555218,0.708464,0.435674],[0.772839,-0.245906,-0.585021],[-0.307331,0.66152,-0.68406]],[[0.555218,0.708464,0.435674],[0.776618,-0.629093,0.0332754],[0.297654,0.319877,-0.899489]],[[0.555218,0.708464,0.435674],[0.601103,-0.703849,0.378513],[0.574811,0.0517281,-0.816649]]],3],[914,[-0.30716,-0.511451,0.80254],91,45.4356,[31.5005,158.557,3.98456],[36.3085,159.05,9.64229],[-7.69315,30.8455,22.1864],false,[-10.6589,215.986,-24.6719],[36.2978,194.489,-31.9876],[48.0953,171.996,-12.842],[42.6913,162.998,1.27756],[32.9769,158.701,12.5722],[[[0.40992,0.693969,0.591923],[0.146622,0.590379,-0.793697],[-0.90026,0.412141,0.140257]],[[0.380436,0.707001,0.59617],[0.847165,-0.00787023,-0.531271],[-0.370917,0.707169,-0.601941]],[[0.380436,0.707001,0.59617],[0.872308,-0.488435,0.022588],[0.30716,0.511451,-0.80254]],[[0.380436,0.707001,0.59617],[0.680234,-0.650655,0.337535],[0.626539,0.277124,-0.728458]]],4]],[[0,200,0],[235.247,235.247,147.751]]],[68494,42174573231,[[91,"right",[0.765914,-0.563079,-0.310351],[0.0983913,-0.374368,0.922045],[7.38242,176.809,-36.622],[79.2761,138.08,-9.2049],[6.7552,175.446,-36.5167],0.783265,0.963022,0.0911575,[[0.941054,0.0486163,-0.334744],[-0.310315,0.517919,-0.79716],[0.134615,0.854047,0.502477]],57.3177,[6.84716,418.09,98.4935],[-25.847,210.666,-23.5437]]],[[910,[0.670585,-0.735031,0.10022],91,46.8799,[4.7554,121.33,-14.9867],[6.15877,124.051,-18.4659],[-11.2844,29.4259,12.7796],false,[-43.542,189.87,-19.5631],[-43.542,189.87,-19.5631],[-30.2472,147.481,-26.0941],[-9.68052,124.938,-23.0204],[9.41312,121.931,-14.6788],[[[0.317122,0.521434,-0.792174],[-0.854253,-0.205754,-0.477407],[-0.41193,0.828113,0.380187]],[[0.42078,0.265618,-0.867405],[-0.857484,-0.195622,-0.475871],[-0.296083,0.944023,0.14545]],[[0.42078,0.265618,-0.867405],[-0.610949,-0.623839,-0.487407],[-0.670585,0.735031,-0.10022]],[[0.42078,0.265618,-0.867405],[-0.0186526,-0.953438,-0.301012],[-0.906971,0.142839,-0.396233]]],0],[911,[-0.0684832,-0.201733,0.977043],91,52.8988,[23.976,117.066,16.4326],[21.8613,120.368,7.30968],[-131.071,199.029,17.411],false,[-33.2908,196.38,-37.0896],[10.1074,148.281,-50.6028],[25.4719,124.997,-23.8581],[23.9829,120.611,-2.61532],[19.0101,121.693,11.8865],[[[0.754948,0.631742,0.175939],[-0.0011245,0.269535,-0.96299],[-0.655783,0.72681,0.204195]],[[0.704442,0.683707,0.190543],[0.58796,-0.411753,-0.696249],[-0.397573,0.602498,-0.692048]],[[0.704442,0.683707,0.190543],[0.70645,-0.701319,-0.0952867],[0.0684832,0.201733,-0.977043]],[[0.704442,0.683707,0.190543],[0.631718,-0.726352,0.270824],[0.323565,-0.0704102,-0.943583]]],1],[912,[-0.274647,-0.223557,0.935196],91,60.2739,[22.1794,127.386,21.1552],[21.3458,128.814,16.697],[-9.08513,68.3308,-53.7785],false,[-24.6731,203.329,-36.7446],[22.58,163.548,-47.8423],[33.6492,134.626,-17.4967],[26.624,128.907,6.42489],[17.9913,130.198,20.9008],[[[0.648465,0.668861,0.363481],[0.112127,0.38835,-0.914665],[-0.752942,0.633884,0.176833]],[[0.687667,0.634132,0.353541],[0.679658,-0.391035,-0.62061],[-0.255302,0.66706,-0.699895]],[[0.687667,0.634132,0.353541],[0.672074,-0.740202,0.02043],[0.274647,0.223557,-0.935196]],[[0.687667,0.634132,0.353541],[0.516053,-0.769445,0.376356],[0.51069,-0.0763621,-0.856367]]],2],[913,[-0.288667,-0.346661,0.892467],91,57.955,[27.6144,144.726,19.5905],[30.022,144.271,17.8496],[42.8197,27.3403,-34.3387],false,[-16.8958,210.531,-33.6189],[30.6264,181.299,-41.4937],[43.718,154.463,-14.5913],[36.5248,145.825,7.64771],[26.8706,144.439,21.3349],[[[0.520285,0.723661,0.453451],[0.134111,0.455154,-0.880255],[-0.843397,0.518797,0.139758]],[[0.536468,0.713512,0.450669],[0.778521,-0.212296,-0.590623],[-0.325741,0.667706,-0.669374]],[[0.536468,0.713512,0.450669],[0.793015,-0.608873,0.0199951],[0.288667,0.346661,-0.892467]],[[0.536468,0.713512,0.450669],[0.61825,-0.69577,0.36561],[0.574429,0.0824883,-0.814387]]],3],[914,[-0.318867,-0.521428,0.791477],91,45.4356,[31.6885,158.719,4.2919],[36.3218,161.012,9.51397],[-9.28085,80.3183,11.4084],false,[-11.0543,217.074,-24.2938],[36.4334,196.779,-31.6137],[48.3515,174.259,-12.5752],[42.7415,165.085,1.34978],[32.7921,160.628,12.3744],[[[0.389815,0.693624,0.605748],[0.13836,0.606203,-0.783182],[-0.91044,0.389107,0.140338]],[[0.35963,0.706058,0.61004],[0.854553,0.0133213,-0.519193],[-0.374707,0.708029,-0.598573]],[[0.35963,0.706058,0.61004],[0.876921,-0.479161,0.0376174],[0.318867,0.521428,-0.791477]],[[0.35963,0.706058,0.61004],[0.677417,-0.64717,0.349681],[0.641695,0.287496,-0.711038]]],4]],[[0,200,0],[235.247,235.247,147.751]]],[68495,42174582890,[[91,"right",[0.781969,-0.533796,-0.321848],[0.111904,-0.387734,0.914954],[6.8284,176.906,-36.4603],[39.4565,100.768,-1.64254],[6.78857,176.111,-36.491],0.835181,0.99657,0.106392,[[0.945583,0.0676616,-0.318268],[-0.306875,0.510614,-0.803181],[0.108168,0.857143,0.503592]],57.3177,[-1.11459,417.67,99.5953],[-27.3855,209.494,-22.7128]]],[[910,[0.674597,-0.72949,0.112972],91,46.8799,[4.78846,121.316,-14.964],[6.26811,122.713,-16.9471],[-4.06338,-23.3797,65.8621],false,[-44.4298,188.099,-19.0767],[-44.4298,188.099,-19.0767],[-30.2191,145.87,-24.6408],[-9.52935,123.497,-21.176],[9.53723,120.457,-12.7846],[[[0.299244,0.545033,-0.783194],[-0.848711,-0.223066,-0.479511],[-0.436053,0.808196,0.395824]],[[0.423324,0.256926,-0.868784],[-0.848903,-0.222498,-0.479436],[-0.316482,0.94047,0.123916]],[[0.423324,0.256926,-0.868784],[-0.604744,-0.633903,-0.482132],[-0.674597,0.72949,-0.112972]],[[0.423324,0.256926,-0.868784],[-0.023036,-0.955583,-0.29382],[-0.905685,0.144394,-0.398603]]],0],[911,[-0.0792911,-0.202855,0.975993],91,52.8988,[23.5588,117.627,15.5054],[21.9959,120.992,7.0044],[-89.4473,159.49,1.43643],false,[-34.4227,195.233,-36.5012],[10.3877,148.731,-50.959],[26.0158,125.717,-24.1335],[24.2919,121.306,-2.91359],[19.0652,122.28,11.5064],[[[0.735779,0.651188,0.185967],[-0.0115874,0.286668,-0.95796],[-0.677122,0.702692,0.21847]],[[0.685366,0.699868,0.201144],[0.605589,-0.394397,-0.691168],[-0.404396,0.595513,-0.694138]],[[0.685366,0.699868,0.201144],[0.723869,-0.684861,-0.0835366],[0.0792911,0.202855,-0.975993]],[[0.685366,0.699868,0.201144],[0.64391,-0.711455,0.281445],[0.340079,-0.0633742,-0.938259]]],1],[912,[-0.263402,-0.250707,0.931539],91,60.2739,[22.0688,127.582,20.7182],[22.3607,128.397,15.9975],[27.0134,31.0124,-60.2835],false,[-26.0197,202.435,-36.0462],[22.3962,164.318,-47.9456],[34.444,135.181,-18.1841],[27.7064,128.768,5.64392],[19.1078,129.491,20.1795],[[[0.628655,0.681662,0.374339],[0.0981084,0.407989,-0.9077],[-0.771471,0.607356,0.189608]],[[0.669135,0.648099,0.363628],[0.689235,-0.358267,-0.629762],[-0.277872,0.672021,-0.686421]],[[0.669135,0.648099,0.363628],[0.694894,-0.719106,0.00295367],[0.263402,0.250707,-0.931539]],[[0.669135,0.648099,0.363628],[0.541761,-0.760356,0.358264],[0.508678,-0.0427278,-0.859896]]],2],[913,[-0.266681,-0.377753,0.88667],91,57.955,[27.8415,144.683,19.412],[30.8689,143.947,17.2672],[65.8441,3.2275,-44.9077],false,[-18.4579,209.813,-32.8048],[29.9134,182.189,-41.2918],[44.2044,155.198,-15.1665],[37.5591,145.785,6.92811],[28.0898,143.756,20.6642],[[[0.499079,0.730901,0.465515],[0.11813,0.474802,-0.872129],[-0.858467,0.490252,0.150622]],[[0.51623,0.720901,0.462394],[0.779145,-0.171151,-0.603026],[-0.355582,0.671572,-0.65004]],[[0.51623,0.720901,0.462394],[0.813872,-0.581038,-0.00275718],[0.266681,0.377753,-0.88667]],[[0.51623,0.720901,0.462394],[0.645028,-0.682436,0.343831],[0.563422,0.120761,-0.817295]]],3],[914,[-0.314208,-0.538283,0.782001],91,45.4356,[31.8526,158.911,4.60607],[35.8279,161.406,9.38424],[-23.6254,67.7085,4.00734],false,[-12.7964,216.363,-23.3736],[35.2697,197.659,-31.1442],[47.7228,175.164,-12.4213],[42.1947,165.693,1.33694],[32.2216,160.911,12.2027],[[[0.369941,0.694164,0.617478],[0.118006,0.624138,-0.772351],[-0.92153,0.35859,0.148979]],[[0.339359,0.705609,0.622054],[0.855303,0.0437858,-0.516274],[-0.391525,0.707247,-0.588651]],[[0.339359,0.705609,0.622054],[0.886628,-0.460833,0.0390367],[0.314208,0.538283,-0.782001]],[[0.339359,0.705609,0.622054],[0.686365,-0.637942,0.349188],[0.643225,0.308456,-0.700797]]],4]],[[0,200,0],[235.247,235.247,147.751]]],[68496,42174602542,[[91,"right",[0.790479,-0.516854,-0.328641],[0.119775,-0.395762,0.910509],[6.70054,177.174,-36.512],[16.2968,56.8659,-2.1415],[6.73007,176.817,-36.505],0.864325,0.997553,0.111484,[[0.947988,0.0784495,-0.308486],[-0.304337,0.507329,-0.806223],[0.0932562,0.858174,0.504817]],57.3177,[-5.39393,417.448,100.24],[-28.0432,209.022,-22.3661]]],[[910,[0.663251,-0.737349,0.128121],91,46.8799,[4.75769,121.109,-14.74],[5.64403,121.094,-15.151],[-18.3255,-54.4532,77.1798],false,[-44.716,187.302,-18.9439],[-44.716,187.302,-18.9439],[-30.4233,144.964,-23.3486],[-10.0815,122.35,-19.4191],[8.87607,118.629,-11.0552],[[[0.288824,0.558585,-0.777537],[-0.845472,-0.23222,-0.480886],[-0.449176,0.796276,0.405197]],[[0.430649,0.236008,-0.871115],[-0.844524,-0.235039,-0.481182],[-0.318309,0.942898,0.0980952]],[[0.430649,0.236008,-0.871115],[-0.612078,-0.632943,-0.474071],[-0.663251,0.737349,-0.128121]],[[0.430649,0.236008,-0.871115],[-0.0601936,-0.955544,-0.28864],[-0.90051,0.176738,-0.397298]]],0],[911,[-0.0857303,-0.204123,0.975184],91,52.8988,[22.702,119.003,13.3695],[22.1259,121.584,6.71397],[-39.2126,92.8017,-9.23356],false,[-34.8563,194.796,-36.3013],[10.718,149.224,-51.3232],[26.467,126.329,-24.4667],[24.6031,121.891,-3.26444],[19.2338,122.798,11.1074],[[[0.72486,0.661544,0.192193],[-0.017815,0.296895,-0.954744],[-0.688666,0.688631,0.226992]],[[0.675176,0.707863,0.207524],[0.614868,-0.384635,-0.688472],[-0.407523,0.59244,-0.694939]],[[0.675176,0.707863,0.207524],[0.732658,-0.676212,-0.0771339],[0.0857303,0.204123,-0.975184]],[[0.675176,0.707863,0.207524],[0.649682,-0.703875,0.287181],[0.349356,-0.0590728,-0.935126]]],1],[912,[-0.256153,-0.266864,0.929069],91,60.2739,[22.0462,127.803,20.1045],[23.0988,128.368,15.4451],[34.4042,11.8341,-44.8298],false,[-26.5764,202.134,-35.7777],[22.464,164.98,-48.1538],[35.0446,135.723,-18.7325],[28.4924,128.896,5.03236],[19.9368,129.273,19.6063],[[[0.617499,0.688127,0.38102],[0.0898724,0.419509,-0.903291],[-0.78142,0.592025,0.197203]],[[0.658776,0.65517,0.36982],[0.694133,-0.339721,-0.634641],[-0.290162,0.67479,-0.678575]],[[0.658776,0.65517,0.36982],[0.70739,-0.706779,-0.00797955],[0.256153,0.266864,-0.929069]],[[0.658776,0.65517,0.36982],[0.556638,-0.755154,0.346262],[0.506132,-0.0222531,-0.862169]]],2],[913,[-0.252169,-0.396447,0.882746],91,57.955,[28.3756,144.586,19.0189],[31.5623,143.932,16.7769],[56.1632,-2.1114,-36.4606],false,[-19.1366,209.604,-32.4649],[29.6855,182.902,-41.3137],[44.6428,155.828,-15.6512],[38.3591,145.949,6.34559],[29.041,143.519,20.1199],[[[0.487232,0.734153,0.472889],[0.108804,0.486259,-0.867014],[-0.866468,0.47389,0.157042]],[[0.505164,0.724129,0.469518],[0.778656,-0.147822,-0.609789],[-0.372161,0.673637,-0.638522]],[[0.505164,0.724129,0.469518],[0.825361,-0.56433,-0.0176678],[0.252169,0.396447,-0.882746]],[[0.505164,0.724129,0.469518],[0.661378,-0.67433,0.328417],[0.554426,0.144625,-0.81957]]],3],[914,[-0.314499,-0.546868,0.775903],91,45.4356,[32.179,159.391,5.269],[35.5726,161.868,9.17607],[-18.4895,44.5872,-3.80075],false,[-13.574,216.145,-22.9693],[34.7923,198.349,-31.0035],[47.5066,175.862,-12.4471],[41.9735,166.24,1.20384],[31.9448,161.304,11.9493],[[[0.358953,0.693562,0.624599],[0.106282,0.634471,-0.765605],[-0.927285,0.3412,0.154033]],[[0.327593,0.704635,0.629422],[0.85609,0.0604822,-0.513276],[-0.399741,0.706987,-0.583418]],[[0.327593,0.704635,0.629422],[0.890939,-0.452133,0.0424572],[0.314499,0.546868,-0.775903]],[[0.327593,0.704635,0.629422],[0.688715,-0.634145,0.35147],[0.646803,0.318353,-0.693035]]],4]],[[0,200,0],[235.247,235.247,147.751]]],[68497,42174613246,[[91,"right",[0.795301,-0.507522,-0.33154],[0.122538,-0.401024,0.907835],[6.70629,177.4,-36.5806],[11.2954,45.5423,-3.49602],[6.71997,177.065,-36.5371],0.864984,0.99421,0.117575,[[0.950933,0.0817091,-0.298412],[-0.297675,0.504575,-0.810428],[0.0843515,0.859493,0.50414]],57.3177,[-7.84355,417.587,100.197],[-28.3301,208.841,-22.2437]]],[[910,[0.662588,-0.73799,0.127856],91,46.8799,[4.74512,120.988,-14.639],[5.64878,120.6,-14.9982],[-11.7572,-51.0824,52.054],false,[-44.8124,186.95,-18.9875],[-44.8124,186.95,-18.9875],[-30.357,144.662,-23.3412],[-10.0356,122.028,-19.4198],[8.8953,118.116,-11.0827],[[[0.284491,0.566532,-0.773373],[-0.842986,-0.236347,-0.483234],[-0.456552,0.789418,0.41034]],[[0.432187,0.237304,-0.870001],[-0.842362,-0.238176,-0.483423],[-0.321932,0.941785,0.0969587]],[[0.432187,0.237304,-0.870001],[-0.611712,-0.63171,-0.476185],[-0.662588,0.737991,-0.127856]],[[0.432187,0.237304,-0.870001],[-0.0676887,-0.953497,-0.293704],[-0.89924,0.185824,-0.396027]]],0],[911,[-0.0875382,-0.208961,0.973998],91,52.8988,[22.3624,119.655,12.3432],[22.364,121.799,6.39592],[-18.6502,68.5089,-16.7714],false,[-35.0054,194.652,-36.2837],[10.9836,149.591,-51.5826],[26.82,126.689,-24.7839],[24.9167,122.145,-3.60736],[19.4957,122.948,10.7513],[[[0.718806,0.666588,0.197433],[-0.0196694,0.303376,-0.952668],[-0.694933,0.6809,0.231179]],[[0.669276,0.711867,0.212874],[0.619796,-0.376874,-0.688345],[-0.409783,0.592631,-0.693445]],[[0.669276,0.711867,0.212874],[0.737839,-0.670508,-0.0775368],[0.0875382,0.208961,-0.973998]],[[0.669276,0.711867,0.212874],[0.653954,-0.700369,0.286054],[0.352723,-0.0522389,-0.934268]]],1],[912,[-0.253941,-0.276144,0.926962],91,60.2739,[22.0636,127.892,19.8257],[23.4785,128.383,15.0742],[35.5254,7.22013,-41.874],false,[-26.7914,202.059,-35.7017],[22.5867,165.428,-48.2932],[35.3951,136.08,-19.0611],[28.8995,129.017,4.64989],[20.3426,129.199,19.2269],[[[0.61106,0.690901,0.386345],[0.0868841,0.426578,-0.900268],[-0.786802,0.583685,0.200636]],[[0.652723,0.658318,0.374927],[0.697628,-0.329316,-0.636291],[-0.295413,0.676882,-0.674213]],[[0.652723,0.658318,0.374927],[0.71377,-0.700259,-0.0130713],[0.253941,0.276144,-0.926962]],[[0.652723,0.658318,0.374927],[0.563657,-0.752663,0.340278],[0.506205,-0.0107768,-0.862346]]],2],[913,[-0.24621,-0.406858,0.879686],91,57.955,[28.658,144.539,18.8113],[31.9059,143.954,16.4836],[51.1136,-2.33723,-34.204],false,[-19.4209,209.571,-32.3304],[29.6434,183.366,-41.3221],[44.8783,156.231,-15.8887],[38.7431,146.092,6.0318],[29.4858,143.437,19.8056],[[[0.480315,0.735128,0.478419],[0.105194,0.493239,-0.86351],[-0.870765,0.465083,0.159579]],[[0.49865,0.725113,0.474932],[0.779523,-0.135525,-0.611536],[-0.379068,0.675163,-0.632822]],[[0.49865,0.725113,0.474932],[0.831101,-0.555588,-0.0243495],[0.24621,0.406858,-0.879686]],[[0.49865,0.725113,0.474932],[0.669299,-0.67026,0.320611],[0.550806,0.157999,-0.819542]]],3],[914,[-0.314803,-0.552818,0.771552],91,45.4356,[32.3378,159.655,5.59759],[35.472,162.116,9.05147],[-15.6581,37.2338,-6.48958],false,[-13.9242,216.095,-22.7846],[34.6046,198.785,-30.9001],[47.4306,176.279,-12.4433],[41.892,166.553,1.13111],[31.8361,161.509,11.8004],[[[0.352277,0.692345,0.629729],[0.101273,0.640712,-0.761073],[-0.9304,0.331884,0.155592]],[[0.320591,0.703179,0.634634],[0.857094,0.0698818,-0.510398],[-0.403251,0.70757,-0.580288]],[[0.320591,0.703179,0.634634],[0.893376,-0.447137,0.0441348],[0.314803,0.552818,-0.771552]],[[0.320591,0.703179,0.634634],[0.690354,-0.632205,0.35175],[0.648562,0.325355,-0.688122]]],4]],[[0,200,0],[235.247,235.247,147.751]]],[68498,42174621829,[[91,"right",[0.799552,-0.49865,-0.334759],[0.125864,-0.405885,0.905216],[6.69141,177.642,-36.6672],[7.85941,40.955,-5.23373],[6.71024,177.262,-36.5814],0.860009,0.990829,0.121155,[[0.953457,0.084769,-0.289369],[-0.291734,0.501961,-0.814203],[0.0762328,0.860726,0.503328]],57.3177,[-10.0939,417.738,100.115],[-28.6086,208.693,-22.1292]]],[[910,[0.657497,-0.742294,0.129222],91,46.8799,[4.71615,120.857,-14.552],[5.32856,119.925,-14.6983],[-20.6395,-59.5268,42.7545],false,[-44.9065,186.644,-19.0174],[-44.9065,186.644,-19.0174],[-30.5527,144.305,-23.2162],[-10.3874,121.539,-19.253],[8.49389,117.336,-10.9453],[[[0.279754,0.573928,-0.769639],[-0.840948,-0.24027,-0.484846],[-0.463188,0.782864,0.415427]],[[0.434697,0.23363,-0.869744],[-0.841932,-0.237382,-0.484562],[-0.31967,0.942903,0.0935113]],[[0.434697,0.23363,-0.869744],[-0.615416,-0.628026,-0.476284],[-0.657497,0.742294,-0.129222]],[[0.434697,0.23363,-0.869744],[-0.0814749,-0.951601,-0.296339],[-0.896884,0.19968,-0.394624]]],0],[911,[-0.0880774,-0.213893,0.972878],91,52.8988,[22.1738,120.121,11.6005],[22.6133,122.025,6.06768],[-4.92898,56.0867,-23.2781],false,[-35.1638,194.54,-36.262],[11.2029,149.968,-51.8495],[27.1399,127.064,-25.1115],[25.2249,122.414,-3.95928],[19.7758,123.107,10.3945],[[[0.713169,0.671304,0.201841],[-0.0221761,0.309398,-0.950674],[-0.700641,0.673516,0.23554]],[[0.66373,0.715672,0.217434],[0.62402,-0.369552,-0.688499],[-0.412386,0.59266,-0.691876]],[[0.66373,0.715672,0.217434],[0.742769,-0.664879,-0.0789323],[0.0880774,0.213893,-0.972878]],[[0.66373,0.715672,0.217434],[0.658599,-0.696981,0.283664],[0.354557,-0.0450748,-0.933947]]],1],[912,[-0.250879,-0.284994,0.925115],91,60.2739,[22.095,127.953,19.6183],[23.8531,128.433,14.7011],[38.7067,5.36438,-42.6108],false,[-27.0123,202.012,-35.631],[22.6724,165.88,-48.4559],[35.7122,136.454,-19.4057],[29.2949,129.164,4.25802],[20.755,129.157,18.846],[[[0.605215,0.69348,0.390897],[0.0833359,0.433148,-0.897462],[-0.791688,0.575733,0.204355]],[[0.647285,0.661215,0.379231],[0.700407,-0.319638,-0.63817],[-0.300751,0.678695,-0.670017]],[[0.647285,0.661215,0.379231],[0.719779,-0.693955,-0.0185872],[0.250879,0.284994,-0.925115]],[[0.647285,0.661215,0.379231],[0.570778,-0.750196,0.333793],[0.505207,0.000397254,-0.862998]]],2],[913,[-0.238772,-0.417206,0.876885],91,57.955,[28.8921,144.504,18.6402],[32.2832,143.989,16.1683],[52.2289,-2.45952,-35.4594],false,[-19.7054,209.564,-32.2101],[29.5778,183.831,-41.3674],[45.0977,156.642,-16.1647],[39.1478,146.246,5.68609],[29.9818,143.36,19.4745],[[[0.474099,0.736007,0.483244],[0.101083,0.499719,-0.860269],[-0.87465,0.4567,0.162518]],[[0.492916,0.725951,0.479614],[0.779689,-0.123893,-0.613788],[-0.386159,0.676496,-0.627085]],[[0.492916,0.725951,0.479614],[0.836673,-0.546749,-0.0323111],[0.238772,0.417206,-0.876885]],[[0.492916,0.725951,0.479614],[0.677936,-0.665965,0.311276],[0.545377,0.171714,-0.820413]]],3],[914,[-0.314925,-0.558192,0.767622],91,45.4356,[32.45,159.871,5.83604],[35.3538,162.388,8.90377],[-15.124,35.0607,-9.40171],false,[-14.2642,216.072,-22.6215],[34.4088,199.222,-30.8448],[47.3297,176.701,-12.4737],[41.7891,166.881,1.03159],[31.7149,161.734,11.6347],[[[0.346418,0.691165,0.63426],[0.0959191,0.646484,-0.756874],[-0.933163,0.323033,0.157658]],[[0.314306,0.701807,0.63928],[0.858011,0.0781592,-0.50765],[-0.406238,0.708067,-0.577592]],[[0.314306,0.701807,0.63928],[0.895564,-0.442593,0.0455731],[0.314925,0.558192,-0.767622]],[[0.314306,0.701807,0.63928],[0.692135,-0.630304,0.351661],[0.649739,0.331939,-0.683854]]],4]],[[0,200,0],[235.247,235.247,147.751]]],[68499,42174642653,[[91,"right",[0.804674,-0.487705,-0.33859],[0.130008,-0.411708,0.901995],[6.67317,177.938,-36.7733],[3.28039,26.9412,-5.16127],[6.68897,177.65,-36.6915],0.854283,0.988459,0.143925,[[0.956464,0.0885667,-0.278087],[-0.284244,0.498813,-0.818774],[0.0661975,0.862172,0.502271]],57.3177,[-12.8688,417.904,99.9926],[-28.9463,208.507,-21.9948]]],[[910,[0.651638,-0.746754,0.133142],91,46.8799,[4.57211,120.408,-14.2812],[4.85544,119.054,-14.1817],[-22.7473,-48.6264,28.6956],false,[-45.0158,186.267,-19.0594],[-45.0158,186.267,-19.0594],[-30.8357,143.846,-23.0101],[-10.8501,120.943,-18.9266],[7.96517,116.466,-10.6119],[[[0.273847,0.582854,-0.765042],[-0.838401,-0.2451,-0.486837],[-0.471267,0.774731,0.421545]],[[0.438389,0.227521,-0.869511],[-0.841478,-0.236021,-0.486013],[-0.315801,0.944737,0.0879849]],[[0.438389,0.227521,-0.869511],[-0.619018,-0.624974,-0.47563],[-0.651638,0.746754,-0.133142]],[[0.438389,0.227521,-0.869511],[-0.0950505,-0.950268,-0.296574],[-0.893745,0.212662,-0.394961]]],0],[911,[-0.0887798,-0.219836,0.971489],91,52.8988,[21.9574,120.94,10.289],[22.8858,122.326,5.69969],[6.0624,32.8206,-21.3139],false,[-35.3543,194.399,-36.2398],[11.4709,150.433,-52.1733],[27.5118,127.545,-25.484],[25.5816,122.766,-4.36205],[20.103,123.318,9.98657],[[[0.70619,0.677016,0.207232],[-0.0253271,0.31666,-0.948201],[-0.707569,0.664362,0.240769]],[[0.656766,0.720359,0.223027],[0.62958,-0.360999,-0.687974],[-0.415076,0.592252,-0.690616]],[[0.656766,0.720359,0.223027],[0.748851,-0.657841,-0.0804276],[0.0887798,0.219836,-0.971489]],[[0.656766,0.720359,0.223027],[0.66452,-0.692669,0.2804],[0.356473,-0.0359506,-0.933614]]],1],[912,[-0.246429,-0.296243,0.922774],91,60.2739,[22.202,128.065,19.1894],[24.3082,128.501,14.2672],[31.454,2.3246,-31.6443],false,[-27.2805,201.95,-35.5487],[22.7753,166.436,-48.6526],[36.087,136.924,-19.8129],[29.7835,129.346,3.79095],[21.2816,129.091,18.3989],[[[0.598003,0.69658,0.396444],[0.0788989,0.441068,-0.893999],[-0.797601,0.565894,0.208801]],[[0.640623,0.664672,0.384463],[0.703804,-0.30808,-0.640115],[-0.307021,0.680659,-0.665162]],[[0.640623,0.664672,0.384463],[0.727237,-0.685894,-0.0259857],[0.246429,0.296243,-0.922774]],[[0.640623,0.664672,0.384463],[0.580205,-0.746982,0.324622],[0.502954,0.0151075,-0.864181]]],2],[913,[-0.23061,-0.428969,0.873387],91,57.955,[29.418,144.439,18.2543],[32.7123,144.061,15.7957],[37.8499,-0.663188,-26.6587],false,[-20.052,209.549,-32.0673],[29.4947,184.4,-41.4216],[45.3332,157.161,-16.4725],[39.5867,146.471,5.29107],[30.5214,143.318,19.0876],[[[0.466451,0.737019,0.489108],[0.095956,0.507523,-0.856279],[-0.879327,0.446345,0.166013]],[[0.485763,0.726979,0.485321],[0.780212,-0.110289,-0.615716],[-0.394087,0.677745,-0.620772]],[[0.485763,0.726979,0.485321],[0.843121,-0.536179,-0.0407292],[0.23061,0.428969,-0.873387]],[[0.485763,0.726979,0.485321],[0.687821,-0.660535,0.300991],[0.539386,0.187604,-0.820895]]],3],[914,[-0.313003,-0.565632,0.762948],91,45.4356,[32.6718,160.358,6.30302],[35.2549,162.696,8.72853],[-8.98653,23.4066,-8.96419],false,[-14.6788,216.037,-22.4269],[34.1659,199.757,-30.777],[47.2153,177.216,-12.5213],[41.7084,167.264,0.901717],[31.6467,161.966,11.4418],[[[0.339234,0.689668,0.639748],[0.0892721,0.653404,-0.751727],[-0.936456,0.312123,0.160089]],[[0.306944,0.699959,0.644859],[0.858755,0.088395,-0.504703],[-0.410274,0.708691,-0.573962]],[[0.306944,0.699959,0.644859],[0.898785,-0.436025,0.0454725],[0.313003,0.565632,-0.762948