{"metadata":{"formatVersion":2,"generatedBy":"LeapJS Playback 0.2.1","frames":100,"protocolVersion":6,"serviceVersion":"2.3.1+31549","frameRate":"69","modified":"Sun Sep 20 2015 06:53:29 GMT-0400 (EDT)"},"frames":[["id","timestamp",{"hands":[["id","type","direction","palmNormal","palmPosition","palmVelocity","stabilizedPalmPosition","pinchStrength","grabStrength","confidence","armBasis","armWidth","elbow","wrist"]]},{"pointables":[["id","direction","handId","length","stabilizedTipPosition","tipPosition","tipVelocity","tool","carpPosition","mcpPosition","pipPosition","dipPosition","btipPosition","bases","type"]]},{"interactionBox":["center","size"]}],[75614,25510625467,[[66,"right",[0.288068,0.41449,-0.863258],[-0.894301,-0.205891,-0.397285],[48.3833,93.8118,-0.881097],[-0.503275,-1.50184,-0.237983],[49.4619,96.7275,-0.570682],0,1,0.698063,[[0.332525,-0.789354,-0.516088],[0.93954,0.324738,0.108678],[0.0818074,-0.521023,0.849613]],60.5143,[60.7347,-66.6161,260.62],[39.758,66.9828,42.7655]]],[[660,[0.203501,0.363863,-0.90895],66,49.4944,[39.4874,138.916,-17.697],[39.2866,135.946,-16.8003],[-0.496484,-2.11498,-1.19438],false,[20.379,87.5238,49.926],[20.379,87.5238,49.926],[31.3699,128.67,29.1044],[37.9594,140.452,-0.327689],[39.9142,134.394,-21.6229],[[[0.993882,-0.0916736,0.0615986],[0.0119538,0.643732,0.765157],[-0.109798,-0.75974,0.64089]],[[0.971872,-0.187475,0.14254],[-0.0413758,0.45991,0.887001],[-0.231846,-0.867949,0.439217]],[[0.971872,-0.187475,0.14254],[0.11854,0.912391,0.39178],[-0.203501,-0.363863,0.90895]],[[0.971872,-0.187475,0.14254],[0.218471,0.943703,-0.248387],[-0.0879495,0.272541,0.958116]]],0],[661,[-0.912264,-0.250837,-0.323814],66,55.8489,[-17.2092,114.953,-45.1389],[-18.6467,111.041,-43.9303],[0.621001,1.79867,-5.33879],false,[42.5359,88.7693,46.1459],[48.9164,125.152,-13.1597],[13.8626,120.764,-33.5729],[-7.07787,115.006,-41.0059],[-22.0079,109.914,-44.8074],[[[0.385913,-0.80428,-0.451891],[0.918004,0.286304,0.274406],[-0.091321,-0.520734,0.84882]],[[0.391048,-0.768602,-0.506293],[0.330089,0.630622,-0.702394],[0.859141,0.107548,0.500311]],[[0.391048,-0.768602,-0.506293],[0.121887,0.588499,-0.799257],[0.912264,0.250837,0.323814]],[[0.391048,-0.768602,-0.506293],[0.0211961,0.557472,-0.829925],[0.920126,0.313809,0.23429]]],1],[662,[-0.961633,-0.123435,-0.245],66,63.6354,[-20.8932,103.813,-49.6655],[-21.9846,99.7099,-48.7163],[0.158028,-1.76027,-2.82381],false,[48.5353,80.2196,40.8872],[57.943,107.077,-18.9483],[17.5735,105.361,-40.46],[-8.39616,102.028,-47.0764],[-25.8474,99.1507,-49.4585],[[[0.207838,-0.904183,-0.373171],[0.967804,0.134707,0.212627],[-0.141985,-0.405348,0.903069]],[[0.194046,-0.937335,-0.289393],[0.429644,0.346407,-0.833911],[0.881903,0.0374814,0.469939]],[[0.194046,-0.937335,-0.289393],[0.193926,0.325832,-0.925325],[0.961633,0.123435,0.245]],[[0.194046,-0.937335,-0.289393],[0.0784551,0.308884,-0.947858],[0.97785,0.161224,0.133477]]],2],[663,[-0.977119,-0.0607627,-0.203828],66,61.1871,[-13.1547,90.3722,-46.7298],[-13.9947,84.6117,-45.3042],[-0.796089,-3.01574,0.56863],false,[51.8864,70.1532,36.033],[63.285,86.1392,-20.1223],[25.3544,87.7763,-39.0709],[-0.351933,86.1778,-44.4333],[-17.9315,84.3072,-45.9534],[[[0.111126,-0.961543,-0.25117],[0.97516,0.056773,0.214102],[-0.191609,-0.268723,0.943967]],[[0.128415,-0.932482,-0.33762],[0.429442,0.35915,-0.828608],[0.893918,-0.0385827,0.446567]],[[0.128415,-0.932482,-0.33762],[0.169551,0.35607,-0.918949],[0.977119,0.0607627,0.203828]],[[0.128415,-0.932482,-0.33762],[0.044293,0.345492,-0.937376],[0.990731,0.105419,0.0856686]]],3],[664,[-0.98099,0.099341,-0.166703],66,47.9696,[4.04754,78.6649,-40.3694],[2.97283,73.6805,-38.8993],[-0.137879,-2.41836,-0.839623],false,[48.7628,57.7665,31.6169],[63.6681,65.8186,-20.7804],[33.8018,70.9153,-35.2603],[15.5801,72.7605,-38.3567],[-0.729417,73.9607,-39.0798],[[[-0.07446,-0.982256,-0.172128],[0.959788,-0.117439,0.25498],[-0.27067,-0.14622,0.951503]],[[-0.0622069,-0.974683,-0.214763],[0.452881,0.164186,-0.876323],[0.889398,-0.151775,0.431202]],[[-0.0622069,-0.974683,-0.214763],[0.183818,0.20031,-0.962334],[0.98099,-0.0993409,0.166703]],[[-0.0622069,-0.974683,-0.214763],[0.0587997,0.211227,-0.975667],[0.99633,-0.0733212,0.0441714]]],4]],[[0,200,0],[235.247,235.247,147.751]]],[75615,25510649339,[[66,"right",[0.287778,0.414311,-0.863441],[-0.894329,-0.206244,-0.397037],[48.3733,93.7826,-0.885696],[-0.453766,-1.34052,-0.211983],[49.4512,96.6985,-0.573785],0,1,0.703861,[[0.332687,-0.789333,-0.516015],[0.939478,0.324908,0.108702],[0.0818549,-0.520949,0.849654]],60.5143,[60.7532,-66.6156,260.636],[39.7642,66.9642,42.7706]]],[[660,[0.203377,0.36365,-0.909064],66,49.4944,[39.4872,138.893,-17.6902],[39.2786,135.916,-16.8209],[-0.309883,-1.39446,-1.17298],false,[20.3813,87.5023,49.9291],[20.3813,87.5023,49.9291],[31.3657,128.639,29.085],[37.9511,140.414,-0.350707],[39.9113,134.379,-21.6519],[[[0.993919,-0.0913927,0.0614178],[0.0119435,0.643961,0.764965],[-0.109463,-0.75958,0.641137]],[[0.971909,-0.187311,0.142507],[-0.0413011,0.460359,0.886771],[-0.231706,-0.867746,0.439691]],[[0.971909,-0.187311,0.142507],[0.118455,0.91251,0.391529],[-0.203377,-0.36365,0.909064]],[[0.971909,-0.187311,0.142507],[0.218209,0.944031,-0.247367],[-0.0881967,0.271514,0.958385]]],0],[661,[-0.91193,-0.249454,-0.325817],66,55.8489,[-17.2101,114.95,-45.1383],[-18.6287,111.084,-44.0359],[1.04824,3.12775,-6.47187],false,[42.5371,88.7525,46.1441],[48.8956,125.12,-13.1737],[13.8864,120.819,-33.6818],[-7.04644,115.093,-41.1608],[-21.9749,110.016,-44.988],[[[0.386032,-0.804311,-0.451734],[0.917986,0.286628,0.27413],[-0.0910059,-0.520508,0.848993]],[[0.39119,-0.768258,-0.506704],[0.332752,0.631404,-0.700432],[0.858048,0.105396,0.502638]],[[0.39119,-0.768258,-0.506704],[0.123913,0.589535,-0.798182],[0.91193,0.249454,0.325817]],[[0.39119,-0.768258,-0.506704],[0.0226594,0.558454,-0.829226],[0.920031,0.312903,0.23587]]],1],[662,[-0.961425,-0.123369,-0.24585],66,63.6354,[-20.8947,103.806,-49.6644],[-21.9789,99.6768,-48.7731],[0.323736,-1.30814,-3.20761],false,[48.5377,80.2028,40.8866],[57.9257,107.045,-18.9588],[17.5771,105.336,-40.5102],[-8.38688,102.005,-47.1496],[-25.8363,99.1275,-49.5449],[[[0.207999,-0.904238,-0.372948],[0.967812,0.135026,0.212385],[-0.141689,-0.40512,0.903218]],[[0.194277,-0.937283,-0.289408],[0.430476,0.346564,-0.833417],[0.881446,0.0373305,0.470807]],[[0.194277,-0.937283,-0.289408],[0.194727,0.326007,-0.925095],[0.961425,0.123369,0.24585]],[[0.194277,-0.937283,-0.289408],[0.0791431,0.309044,-0.947749],[0.977749,0.161221,0.13422]]],2],[663,[-0.977145,-0.0610805,-0.203607],66,61.1871,[-13.1572,90.3536,-46.7261],[-14.0114,84.5531,-45.2934],[-0.744986,-2.69794,0.507079],false,[51.8905,70.1359,36.0346],[63.273,86.1083,-20.1277],[25.3381,87.7299,-39.0689],[-0.368947,86.1229,-44.4255],[-17.9483,84.2473,-45.9414],[[[0.111328,-0.961588,-0.250909],[0.97519,0.057094,0.213881],[-0.19134,-0.268495,0.944087]],[[0.128591,-0.932548,-0.337372],[0.429174,0.359019,-0.828803],[0.894021,-0.0382148,0.446392]],[[0.128591,-0.932548,-0.337372],[0.169267,0.355843,-0.919089],[0.977145,0.0610805,0.203607]],[[0.128591,-0.932548,-0.337372],[0.0440077,0.345227,-0.937487],[0.990721,0.105705,0.0854322]]],3],[664,[-0.981059,0.0990258,-0.166486],66,47.9696,[4.04117,78.634,-40.3604],[2.96062,73.6281,-38.888],[-0.354942,-2.29484,-0.0786404],false,[48.7692,57.7471,31.6229],[63.6614,65.7876,-20.7799],[33.7912,70.8721,-35.256],[15.5682,72.7115,-38.3484],[-0.741872,73.9071,-39.0672],[[[-0.0742363,-0.982327,-0.171822],[0.959872,-0.11711,0.254814],[-0.270433,-0.146011,0.951602]],[[-0.062,-0.974767,-0.214441],[0.452679,0.164022,-0.876458],[0.889515,-0.151414,0.431087]],[[-0.062,-0.974767,-0.214441],[0.18352,0.200058,-0.962443],[0.981059,-0.0990258,0.166486]],[[-0.062,-0.974767,-0.214441],[0.0584622,0.210939,-0.975749],[0.996362,-0.0730332,0.0439088]]],4]],[[0,200,0],[235.247,235.247,147.751]]],[75616,25510673405,[[66,"right",[0.287515,0.414149,-0.863606],[-0.894355,-0.206564,-0.396812],[48.3643,93.7563,-0.88986],[-0.408098,-1.19981,-0.189542],[49.4405,96.6694,-0.576917],0,1,0.699144,[[0.332834,-0.789314,-0.51595],[0.939422,0.325062,0.108724],[0.081898,-0.520882,0.849691]],60.5143,[60.7699,-66.6151,260.65],[39.7699,66.9475,42.7752]]],[[660,[0.20341,0.363654,-0.909054],66,49.4944,[39.4872,138.882,-17.687],[39.2833,135.899,-16.8439],[0.175237,-0.568732,-1.29646],false,[20.3834,87.4828,49.9319],[20.3834,87.4828,49.9319],[31.3683,128.605,29.0602],[37.9548,140.38,-0.375218],[39.9269,134.39,-21.688],[[[0.993953,-0.0911384,0.061254],[0.0119342,0.644168,0.764791],[-0.10916,-0.759435,0.64136]],[[0.97191,-0.187264,0.142563],[-0.0412183,0.46094,0.886473],[-0.231717,-0.867448,0.440274]],[[0.97191,-0.187264,0.142563],[0.11839,0.912517,0.39153],[-0.20341,-0.363654,0.909054]],[[0.97191,-0.187264,0.142563],[0.217989,0.944617,-0.245316],[-0.0887281,0.269502,0.958903]]],0],[661,[-0.911698,-0.248555,-0.327151],66,55.8489,[-17.2107,114.949,-45.1378],[-18.6185,111.107,-44.1142],[0.911612,2.76501,-5.69128],false,[42.5382,88.7373,46.1423],[48.8767,125.09,-13.1863],[13.8996,120.852,-33.7621],[-7.02785,115.147,-41.2717],[-21.9551,110.078,-45.1148],[[[0.386139,-0.804339,-0.451592],[0.917969,0.286921,0.273879],[-0.0907205,-0.520303,0.849149]],[[0.391314,-0.76798,-0.50703],[0.334629,0.631996,-0.699003],[0.857261,0.103863,0.504297]],[[0.391314,-0.76798,-0.50703],[0.125221,0.590277,-0.797429],[0.911698,0.248555,0.327151]],[[0.391314,-0.76798,-0.50703],[0.0235061,0.559127,-0.828748],[0.919957,0.312383,0.236847]]],1],[662,[-0.961226,-0.123296,-0.246662],66,63.6354,[-20.8954,103.803,-49.6639],[-21.9717,99.6482,-48.8291],[0.412852,-1.03629,-3.27126],false,[48.5399,80.1877,40.886],[57.9101,107.016,-18.9683],[17.582,105.314,-40.5585],[-8.37664,101.984,-47.2198],[-25.8245,99.1074,-49.6277],[[[0.208145,-0.904288,-0.372746],[0.96782,0.135314,0.212166],[-0.141421,-0.404912,0.903353]],[[0.194475,-0.937256,-0.289363],[0.431301,0.346653,-0.832953],[0.880999,0.0371863,0.471655]],[[0.194475,-0.937256,-0.289363],[0.195508,0.326113,-0.924893],[0.961226,0.123296,0.246662]],[[0.194475,-0.937256,-0.289363],[0.079806,0.309135,-0.947664],[0.977656,0.161204,0.134918]]],2],[663,[-0.977169,-0.0613673,-0.20341],66,61.1871,[-13.1607,90.3272,-46.7208],[-14.0263,84.5003,-45.2841],[-0.680477,-2.41587,0.450114],false,[51.8941,70.1203,36.0361],[63.2622,86.0804,-20.1327],[25.3234,87.6878,-39.0672],[-0.38431,86.0733,-44.4186],[-17.9635,84.1931,-45.9307],[[[0.11151,-0.961628,-0.250673],[0.975217,0.0573846,0.213681],[-0.191097,-0.268289,0.944194]],[[0.12875,-0.932607,-0.337146],[0.428933,0.3589,-0.82898],[0.894114,-0.0378822,0.446234]],[[0.12875,-0.932607,-0.337146],[0.169011,0.355638,-0.919215],[0.977169,0.0613673,0.20341]],[[0.12875,-0.932607,-0.337146],[0.0437526,0.344987,-0.937587],[0.990711,0.105963,0.0852211]]],3],[664,[-0.98112,0.098742,-0.166296],66,47.9696,[4.03369,78.5978,-40.3499],[2.94959,73.5806,-38.878],[-0.415723,-2.11095,0.211294],false,[48.775,57.7295,31.6283],[63.6553,65.7596,-20.7795],[33.7816,70.8331,-35.2521],[15.5575,72.6673,-38.3411],[-0.753062,73.8585,-39.0561],[[[-0.0740336,-0.98239,-0.171546],[0.959949,-0.116812,0.254663],[-0.270218,-0.145822,0.951692]],[[-0.0618123,-0.974843,-0.214152],[0.452499,0.163873,-0.876579],[0.88962,-0.151087,0.430986]],[[-0.0618123,-0.974843,-0.214152],[0.183259,0.199829,-0.962541],[0.98112,-0.098742,0.166296]],[[-0.0618123,-0.974843,-0.214152],[0.0581659,0.210679,-0.975823],[0.996391,-0.0727742,0.0436801]]],4]],[[0,200,0],[235.247,235.247,147.751]]],[75617,25510697289,[[66,"right",[0.28728,0.414004,-0.863754],[-0.894378,-0.206852,-0.396611],[48.3562,93.7326,-0.893595],[-0.368173,-1.07997,-0.17053],[49.4298,96.6405,-0.580025],0,1,0.701583,[[0.332966,-0.789297,-0.515891],[0.939372,0.3252,0.108743],[0.0819366,-0.520821,0.849724]],60.5143,[60.7849,-66.6147,260.663],[39.775,66.9324,42.7794]]],[[660,[0.203415,0.363512,-0.90911],66,49.4944,[39.4872,138.877,-17.6856],[39.2889,135.885,-16.8685],[0.371448,-0.159593,-1.43276],false,[20.3853,87.4653,49.9345],[20.3853,87.4653,49.9345],[31.3704,128.574,29.0355],[37.9571,140.344,-0.401756],[39.9422,134.406,-21.7276],[[[0.993983,-0.0909103,0.061107],[0.0119257,0.644354,0.764634],[-0.108888,-0.759304,0.641561]],[[0.971912,-0.187216,0.142608],[-0.041129,0.461512,0.88618],[-0.231722,-0.867155,0.440849]],[[0.971912,-0.187216,0.142608],[0.11836,0.912584,0.391384],[-0.203415,-0.363512,0.90911]],[[0.971912,-0.187216,0.142608],[0.217737,0.945281,-0.24297],[-0.0893164,0.267197,0.959494]]],0],[661,[-0.911498,-0.247783,-0.328289],66,55.8489,[-17.2111,114.947,-45.1376],[-18.6111,111.126,-44.1818],[0.725026,2.33268,-4.88327],false,[42.5392,88.7237,46.1408],[48.8598,125.064,-13.1977],[13.9082,120.877,-33.8271],[-7.01471,115.189,-41.3628],[-21.9408,110.128,-45.2204],[[[0.386235,-0.804364,-0.451465],[0.917954,0.287183,0.273654],[-0.0904646,-0.520119,0.84929]],[[0.39143,-0.767693,-0.507376],[0.336089,0.632548,-0.697802],[0.856637,0.102617,0.505611]],[[0.39143,-0.767693,-0.507376],[0.126306,0.590974,-0.796741],[0.911499,0.247783,0.328289]],[[0.39143,-0.767693,-0.507376],[0.0242608,0.559789,-0.82828],[0.919888,0.311904,0.237743]]],1],[662,[-0.961031,-0.123204,-0.247468],66,63.6354,[-20.8958,103.801,-49.6637],[-21.962,99.6253,-48.8868],[0.516941,-0.801539,-3.32882],false,[48.5418,80.174,40.8855],[57.8961,106.99,-18.9769],[17.5897,105.296,-40.6082],[-8.36364,101.969,-47.2913],[-25.8099,99.0926,-49.7109],[[[0.208276,-0.904332,-0.372564],[0.967827,0.135573,0.211969],[-0.141181,-0.404726,0.903474]],[[0.194648,-0.937243,-0.28929],[0.432192,0.346708,-0.832468],[0.880524,0.0370091,0.472554]],[[0.194648,-0.937243,-0.28929],[0.196296,0.326186,-0.9247],[0.961031,0.123204,0.247468]],[[0.194648,-0.937243,-0.28929],[0.0804414,0.309191,-0.947592],[0.977569,0.161176,0.135576]]],2],[663,[-0.977392,-0.0620502,-0.202127],66,61.1871,[-13.164,90.3033,-46.7157],[-14.0497,84.4377,-45.2391],[-1.18928,-2.9683,2.30231],false,[51.8974,70.1062,36.0375],[63.2525,86.0553,-20.1371],[25.2924,87.6338,-39.0314],[-0.421121,86.0013,-44.3491],[-18.0011,84.1098,-45.8373],[[[0.111674,-0.961664,-0.250462],[0.97524,0.0576451,0.213502],[-0.190879,-0.268103,0.944291]],[[0.12887,-0.932705,-0.336829],[0.427852,0.358717,-0.829617],[0.894615,-0.0372,0.445288]],[[0.12887,-0.932705,-0.336829],[0.167625,0.355262,-0.919614],[0.977392,0.0620502,0.202127]],[[0.12887,-0.932705,-0.336829],[0.0423231,0.344525,-0.937823],[0.990758,0.106602,0.0838741]]],3],[664,[-0.981164,0.0985005,-0.166176],66,47.9696,[4.02547,78.558,-40.3384],[2.94102,73.5384,-38.8716],[-0.375509,-1.90644,0.211112],false,[48.7801,57.7137,31.6331],[63.6498,65.7345,-20.7791],[33.7745,70.7985,-35.2516],[15.5495,72.6281,-38.3383],[-0.761406,73.8158,-39.0504],[[[-0.0738518,-0.982447,-0.171298],[0.960017,-0.116545,0.254528],[-0.270025,-0.145651,0.951773]],[[-0.0616516,-0.974916,-0.213865],[0.452424,0.163699,-0.87665],[0.88967,-0.150805,0.430983]],[[-0.0616516,-0.974916,-0.213865],[0.183074,0.199592,-0.962625],[0.981164,-0.0985005,0.166176]],[[-0.0616516,-0.974916,-0.213865],[0.0579233,0.210417,-0.975894],[0.996416,-0.0725532,0.0434978]]],4]],[[0,200,0],[235.247,235.247,147.751]]],[75618,25510721822,[[66,"right",[0.287145,0.413825,-0.863885],[-0.894419,-0.206987,-0.396447],[48.3559,93.7015,-0.900558],[-0.161797,-1.18811,-0.236599],[49.4191,96.6113,-0.58321],0,1,0.718654,[[0.332962,-0.789345,-0.515821],[0.93937,0.325228,0.108676],[0.0819765,-0.520732,0.849776]],60.5143,[60.8019,-66.6134,260.676],[39.7818,66.9107,42.7795]]],[[660,[0.203387,0.363152,-0.90926],66,49.4944,[39.4872,138.874,-17.6848],[39.2994,135.854,-16.8941],[0.459919,-0.65619,-1.41979],false,[20.392,87.4442,49.9326],[20.392,87.4442,49.9326],[31.3795,128.541,29.0109],[37.9652,140.3,-0.431197],[39.9565,134.387,-21.7638],[[[0.993995,-0.0908445,0.060997],[0.0119921,0.644526,0.764488],[-0.108764,-0.759166,0.641746]],[[0.971905,-0.187244,0.142616],[-0.0409979,0.461983,0.885941],[-0.231773,-0.866898,0.441327]],[[0.971905,-0.187244,0.142616],[0.118462,0.912721,0.391033],[-0.203387,-0.363152,0.90926]],[[0.971905,-0.187244,0.142616],[0.217655,0.945607,-0.241771],[-0.0895889,0.266019,0.959796]]],0],[661,[-0.911233,-0.246416,-0.33005],66,55.8489,[-17.2115,114.946,-45.1374],[-18.5827,111.174,-44.2826],[1.19937,3.0145,-5.53919],false,[42.5453,88.7029,46.1357],[48.8562,125.03,-13.2117],[13.9393,120.918,-33.9149],[-6.97756,115.262,-41.491],[-21.9029,110.218,-45.3735],[[[0.386218,-0.804445,-0.451335],[0.917974,0.287293,0.27347],[-0.090326,-0.519933,0.849418]],[[0.391446,-0.767411,-0.50779],[0.338228,0.633187,-0.696186],[0.855787,0.10077,0.507419]],[[0.391446,-0.767411,-0.50779],[0.128156,0.591912,-0.795749],[0.911233,0.246416,0.33005]],[[0.391446,-0.767411,-0.50779],[0.0257685,0.560751,-0.827584],[0.91984,0.310869,0.239278]]],1],[662,[-0.960758,-0.122814,-0.248718],66,63.6354,[-20.896,103.801,-49.6637],[-21.9358,99.6133,-48.9692],[0.976826,-0.387221,-4.05677],false,[48.5476,80.1524,40.8816],[57.8927,106.956,-18.988],[17.6129,105.278,-40.6702],[-8.33309,101.962,-47.3871],[-25.7774,99.0919,-49.8281],[[[0.208274,-0.904405,-0.372389],[0.967848,0.135671,0.211811],[-0.141041,-0.40453,0.903583]],[[0.194662,-0.93729,-0.289125],[0.433367,0.346618,-0.831895],[0.879943,0.0366411,0.473664]],[[0.194662,-0.93729,-0.289125],[0.197613,0.326196,-0.924416],[0.960758,0.122814,0.248718]],[[0.194662,-0.93729,-0.289125],[0.0817083,0.309235,-0.947469],[0.977461,0.160812,0.136781]]],2],[663,[-0.977272,-0.0618477,-0.202768],66,61.1871,[-13.1683,90.2711,-46.7092],[-14.0428,84.4118,-45.2767],[-0.270544,-1.72122,-0.227236],false,[51.9031,70.0836,36.0353],[63.25,86.0207,-20.1443],[25.2982,87.6052,-39.0547],[-0.412174,85.9781,-44.3892],[-17.9915,84.0903,-45.8902],[[[0.111692,-0.961714,-0.250261],[0.975265,0.0577442,0.213361],[-0.190741,-0.267901,0.944376]],[[0.128925,-0.932674,-0.336893],[0.428242,0.358781,-0.829388],[0.89442,-0.0373427,0.445667]],[[0.128925,-0.932674,-0.336893],[0.168281,0.355378,-0.91945],[0.977272,0.0618477,0.202768]],[[0.128925,-0.932674,-0.336893],[0.0430519,0.344672,-0.937735],[0.990719,0.106394,0.0845904]]],3],[664,[-0.981177,0.0984353,-0.166142],66,47.9696,[4.01637,78.5136,-40.3256],[2.93925,73.4972,-38.8725],[-0.184726,-1.76405,0.00345363],false,[48.7859,57.69,31.6342],[63.6483,65.6997,-20.7818],[33.7736,70.7594,-35.2571],[15.5484,72.5879,-38.3432],[-0.762621,73.7749,-39.0535],[[[-0.0738227,-0.98249,-0.171068],[0.960056,-0.116437,0.254429],[-0.269892,-0.145452,0.951841]],[[-0.0616534,-0.974984,-0.213552],[0.45246,0.16341,-0.876685],[0.889651,-0.150674,0.431066]],[[-0.0616534,-0.974984,-0.213552],[0.183007,0.199289,-0.962701],[0.981177,-0.0984353,0.166142]],[[-0.0616534,-0.974984,-0.213552],[0.0577938,0.210113,-0.975967],[0.996423,-0.0725137,0.0433939]]],4]],[[0,200,0],[235.247,235.247,147.751]]],[75619,25510745943,[[66,"right",[0.287523,0.413732,-0.863803],[-0.893683,-0.208481,-0.397324],[48.3245,93.6502,-0.931339],[-0.819959,-1.73075,-0.836386],[49.4096,96.5854,-0.586255],0,1,0.683631,[[0.334527,-0.788855,-0.515557],[0.938786,0.326731,0.109213],[0.0822954,-0.520533,0.849867]],60.5143,[60.8414,-66.6006,260.674],[39.7395,66.8725,42.7547]]],[[660,[0.204062,0.363194,-0.909092],66,49.4944,[39.4872,138.873,-17.6845],[39.2543,135.822,-16.9797],[-0.76155,-0.25009,-3.07554],false,[20.3127,87.3826,49.8742],[20.3127,87.3826,49.8742],[31.2736,128.468,28.9176],[37.8812,140.229,-0.519042],[39.9296,134.41,-21.8719],[[[0.994054,-0.0894034,0.0621577],[0.0102281,0.644984,0.764128],[-0.108406,-0.758949,0.642063]],[[0.971973,-0.185902,0.143906],[-0.0425386,0.462947,0.885365],[-0.231212,-0.866672,0.442064]],[[0.971973,-0.185902,0.143906],[0.116737,0.912979,0.39095],[-0.204062,-0.363194,0.909092]],[[0.971973,-0.185902,0.143906],[0.216274,0.947045,-0.237341],[-0.0921632,0.261812,0.960708]]],0],[661,[-0.909889,-0.244834,-0.334901],66,55.8489,[-17.2117,114.946,-45.1374],[-18.5309,111.171,-44.5808],[2.1321,2.83924,-11.5215],false,[42.4685,88.6705,46.1013],[48.7942,124.972,-13.2601],[13.9655,120.931,-34.1251],[-6.92043,115.311,-41.8125],[-21.8318,110.288,-45.7758],[[[0.387858,-0.804159,-0.450439],[0.917262,0.288749,0.274327],[-0.0905385,-0.51957,0.849618]],[[0.393169,-0.766497,-0.507839],[0.341677,0.634565,-0.693242],[0.853625,0.0990442,0.511385]],[[0.393169,-0.766497,-0.507839],[0.132364,0.59375,-0.793688],[0.909889,0.244834,0.334901]],[[0.393169,-0.766497,-0.507839],[0.0300168,0.562725,-0.826099],[0.918976,0.309553,0.244254]]],1],[662,[-0.960149,-0.124054,-0.250448],66,63.6354,[-20.8961,103.8,-49.6636],[-21.897,99.4588,-49.138],[1.42861,-3.72668,-6.121],false,[48.4887,80.1254,40.8588],[57.8627,106.907,-19.0159],[17.6331,105.181,-40.7871],[-8.2965,101.831,-47.5506],[-25.7332,98.9375,-50.0184],[[[0.209968,-0.904324,-0.371633],[0.967418,0.137162,0.212812],[-0.141477,-0.404208,0.903659]],[[0.196326,-0.937148,-0.288462],[0.434836,0.346889,-0.831015],[0.878848,0.0377159,0.475609]],[[0.196326,-0.937148,-0.288462],[0.198922,0.326136,-0.924156],[0.960149,0.124054,0.250448]],[[0.196326,-0.937148,-0.288462],[0.0828239,0.308986,-0.947453],[0.977034,0.162118,0.13828]]],2],[663,[-0.976812,-0.0630464,-0.204608],66,61.1871,[-13.1716,90.2453,-46.7048],[-13.9986,84.2655,-45.4135],[1.0042,-4.1044,-3.64197],false,[51.8639,70.0586,36.0221],[63.2509,85.9793,-20.154],[25.3289,87.5116,-39.1284],[-0.369395,85.853,-44.5113],[-17.9436,83.9443,-46.0462],[[[0.11333,-0.9617,-0.249579],[0.974944,0.0592465,0.214415],[-0.191416,-0.267626,0.944318]],[[0.13067,-0.932586,-0.336466],[0.429178,0.359138,-0.82875],[0.893718,-0.0361114,0.447174]],[[0.13067,-0.932586,-0.336466],[0.169601,0.3554,-0.919199],[0.976812,0.0630464,0.204608]],[[0.13067,-0.932586,-0.336466],[0.0444826,0.344549,-0.937714],[0.990428,0.107564,0.086506]]],3],[664,[-0.981162,0.0969175,-0.167116],66,47.9696,[4.00808,78.4704,-40.3141],[2.97862,73.3589,-38.938],[0.836057,-4.07056,-1.48851],false,[48.7691,57.6581,31.6247],[63.6787,65.6586,-20.7793],[33.8124,70.6673,-35.2898],[15.5875,72.4675,-38.394],[-0.724652,73.6303,-39.1193],[[[-0.0722429,-0.982692,-0.170581],[0.959936,-0.114933,0.255566],[-0.270748,-0.145284,0.951624]],[[-0.0600435,-0.975198,-0.213034],[0.453171,0.163526,-0.876296],[0.889399,-0.149157,0.432113]],[[-0.0600435,-0.975198,-0.213034],[0.183618,0.198986,-0.962647],[0.981162,-0.0969175,0.167116]],[[-0.0600435,-0.975198,-0.213034],[0.0583417,0.209625,-0.97604],[0.996489,-0.0710336,0.044308]]],4]],[[0,200,0],[235.247,235.247,147.751]]],[75620,25510770179,[[66,"right",[0.287457,0.413171,-0.864094],[-0.893093,-0.21033,-0.397675],[48.3057,93.5768,-0.967715],[-0.793999,-2.48208,-1.22094],[49.4008,96.5615,-0.58929],0,1,0.712988,[[0.336088,-0.788355,-0.515306],[0.938207,0.328188,0.109821],[0.0825393,-0.520373,0.849941]],60.5143,[60.8976,-66.5955,260.682],[39.7331,66.8368,42.7438]]],[[660,[0.204406,0.363182,-0.90902],66,49.4944,[39.4871,138.872,-17.6843],[39.2127,135.76,-17.082],[-1.16691,-0.779635,-3.97196],false,[20.2698,87.325,49.8265],[20.2698,87.325,49.8265],[31.1925,128.392,28.813],[37.8113,140.152,-0.621289],[39.9045,134.396,-21.9869],[[[0.99415,-0.0877887,0.0629231],[0.00871849,0.645889,0.763381],[-0.107658,-0.758367,0.642876]],[[0.972108,-0.184402,0.144918],[-0.0438004,0.46429,0.8846],[-0.230406,-0.866274,0.443263]],[[0.972108,-0.184402,0.144918],[0.114993,0.913288,0.390746],[-0.204406,-0.363182,0.90902]],[[0.972108,-0.184402,0.144918],[0.214792,0.948119,-0.23438],[-0.0941798,0.25897,0.961283]]],0],[661,[-0.908349,-0.242319,-0.340858],66,55.8489,[-17.2118,114.946,-45.1374],[-18.471,111.163,-44.931],[2.75628,2.94051,-15.7281],false,[42.426,88.6428,46.0668],[48.7351,124.885,-13.3327],[13.9966,120.914,-34.3608],[-6.85402,115.351,-42.185],[-21.7506,110.371,-46.256],[[[0.389404,-0.804081,-0.449242],[0.91663,0.290491,0.274599],[-0.0902993,-0.518719,0.850163]],[[0.394758,-0.765908,-0.507495],[0.34534,0.63554,-0.690528],[0.851414,0.0973336,0.515383]],[[0.394758,-0.765908,-0.507495],[0.13809,0.595538,-0.791369],[0.908349,0.242319,0.340858]],[[0.394758,-0.765908,-0.507495],[0.03639,0.564954,-0.82432],[0.918064,0.306939,0.250892]]],1],[662,[-0.959517,-0.125395,-0.252197],66,63.6354,[-20.8964,103.798,-49.6636],[-21.855,99.2556,-49.3159],[1.78445,-6.1921,-7.51666],false,[48.4631,80.101,40.8383],[57.8354,106.828,-19.0613],[17.6596,105.042,-40.927],[-8.25289,101.656,-47.7378],[-25.6819,98.7384,-50.2311],[[[0.211618,-0.90443,-0.370438],[0.967062,0.138911,0.213295],[-0.141453,-0.403373,0.904036]],[[0.197968,-0.937184,-0.28722],[0.436464,0.346649,-0.830261],[0.877672,0.0390038,0.477673]],[[0.197968,-0.937184,-0.28722],[0.200339,0.325519,-0.924068],[0.959517,0.125395,0.252197]],[[0.197968,-0.937184,-0.28722],[0.0839773,0.308158,-0.947621],[0.976605,0.163479,0.139708]]],2],[663,[-0.976788,-0.0652423,-0.204031],66,61.1871,[-13.1757,90.2102,-46.699],[-13.9794,84.0303,-45.4482],[0.625767,-7.73261,-1.46076],false,[51.857,70.0339,36.0156],[63.2568,85.9067,-20.1715],[25.3346,87.3471,-39.1527],[-0.363039,85.6307,-44.5204],[-17.9344,83.6842,-46.0395],[[[0.114988,-0.961813,-0.248382],[0.974708,0.0610088,0.214994],[-0.19163,-0.266821,0.944502]],[[0.132307,-0.932838,-0.335124],[0.428668,0.358693,-0.829206],[0.893722,-0.0339468,0.447335]],[[0.132307,-0.932838,-0.335124],[0.168464,0.35434,-0.919817],[0.976788,0.0652423,0.204031]],[[0.132307,-0.932838,-0.335124],[0.0430981,0.34319,-0.938277],[0.990271,0.109698,0.0856101]]],3],[664,[-0.981214,0.0951804,-0.167807],66,47.9696,[3.99983,78.4241,-40.3026],[3.017,73.1706,-38.9794],[1.25917,-6.21352,-1.59027],false,[48.7844,57.6234,31.6306],[63.7165,65.5859,-20.7728],[33.8524,70.5318,-35.3094],[15.6266,72.2997,-38.4264],[-0.686997,73.4358,-39.162],[[[-0.0706054,-0.983001,-0.169482],[0.959942,-0.113145,0.256338],[-0.271157,-0.144594,0.951612]],[[-0.0583759,-0.975529,-0.211981],[0.453519,0.163252,-0.876168],[0.889333,-0.147285,0.432891]],[[-0.0583759,-0.975529,-0.211981],[0.183877,0.198203,-0.962759],[0.981214,-0.0951804,0.167807]],[[-0.0583759,-0.975529,-0.211981],[0.0585487,0.208632,-0.97624],[0.996576,-0.0694001,0.0449368]]],4]],[[0,200,0],[235.247,235.247,147.751]]],[75621,25510794161,[[66,"right",[0.287629,0.413102,-0.864069],[-0.892367,-0.212013,-0.39841],[48.287,93.5322,-0.988044],[-0.785817,-2.12524,-1.00637],[49.3925,96.5391,-0.592238],0,1,0.716221,[[0.337795,-0.787784,-0.515063],[0.93757,0.329777,0.110498],[0.0828074,-0.520233,0.85]],60.5143,[60.9483,-66.5911,260.686],[39.7152,66.8052,42.7316]]],[[660,[0.205065,0.363271,-0.908836],66,49.4944,[39.4871,138.871,-17.6842],[39.1786,135.73,-17.1481],[-1.08392,-0.408886,-3.49891],false,[20.212,87.2664,49.7828],[20.212,87.2664,49.7828],[31.106,128.327,28.7431],[37.7461,140.09,-0.685239],[39.8921,134.41,-22.0659],[[[0.994228,-0.0861477,0.06394],[0.00693775,0.646371,0.762991],[-0.107059,-0.758144,0.643238]],[[0.972178,-0.183017,0.146203],[-0.0454085,0.465066,0.884111],[-0.229801,-0.866152,0.443816]],[[0.972178,-0.183017,0.146203],[0.113221,0.913531,0.390694],[-0.205065,-0.363271,0.908836]],[[0.972178,-0.183017,0.146203],[0.213418,0.949312,-0.23078],[-0.096556,0.255562,0.961959]]],0],[661,[-0.90678,-0.240195,-0.346492],66,55.8489,[-17.2118,114.945,-45.1374],[-18.4027,111.191,-45.2593],[3.1674,3.46338,-16.4927],false,[42.3697,88.6176,46.0438],[48.678,124.833,-13.3718],[14.0312,120.931,-34.5638],[-6.78335,115.418,-42.5173],[-21.6635,110.471,-46.688],[[[0.391135,-0.803728,-0.448369],[0.915894,0.292137,0.275308],[-0.0902878,-0.518341,0.850394]],[[0.396545,-0.765016,-0.507447],[0.348815,0.636871,-0.687549],[0.849164,0.0956389,0.519397]],[[0.396545,-0.765016,-0.507447],[0.143186,0.597543,-0.788949],[0.90678,0.240195,0.346492]],[[0.396545,-0.765016,-0.507447],[0.0419399,0.567286,-0.822452],[0.917057,0.304857,0.257039]]],1],[662,[-0.958969,-0.126924,-0.253513],66,63.6354,[-20.8968,103.796,-49.6637],[-21.8149,99.0885,-49.4527],[1.76627,-6.55489,-6.66611],false,[48.4255,80.0823,40.8264],[57.8129,106.787,-19.0806],[17.6811,104.942,-41.0219],[-8.21663,101.514,-47.8682],[-25.6382,98.5681,-50.3801],[[[0.213434,-0.904315,-0.369675],[0.96663,0.1406,0.214146],[-0.141679,-0.403045,0.904147]],[[0.199785,-0.936982,-0.28662],[0.437566,0.347045,-0.829516],[0.876711,0.0403099,0.479325]],[[0.199785,-0.936982,-0.28662],[0.201159,0.325507,-0.923894],[0.958969,0.126924,0.253513]],[[0.199785,-0.936982,-0.28662],[0.0845621,0.307913,-0.947649],[0.976184,0.165089,0.14075]]],2],[663,[-0.976736,-0.0674686,-0.203554],66,61.1871,[-13.1807,90.1657,-46.6917],[-13.9502,83.8388,-45.4782],[0.630684,-8.364,-0.235604],false,[51.8404,70.0177,36.0132],[63.2691,85.8743,-20.1726],[25.346,87.2236,-39.1587],[-0.350333,85.4486,-44.5139],[-17.9185,83.4635,-46.0206],[[[0.116778,-0.961779,-0.247678],[0.974399,0.0627117,0.2159],[-0.192116,-0.266549,0.94448]],[[0.134071,-0.932955,-0.334097],[0.428075,0.358587,-0.829559],[0.893743,-0.0317987,0.447451]],[[0.134071,-0.932955,-0.334097],[0.167366,0.353615,-0.920296],[0.976736,0.0674686,0.203554]],[[0.134071,-0.932955,-0.334097],[0.0418425,0.342169,-0.938706],[0.990088,0.111874,0.0849121]]],3],[664,[-0.981275,0.0934104,-0.168447],66,47.9696,[3.99193,78.376,-40.2912],[3.06786,73.0281,-39.0228],[1.71577,-6.0836,-1.57691],false,[48.792,57.5996,31.6328],[63.7621,65.554,-20.761],[33.9041,70.4434,-35.3291],[15.6771,72.1784,-38.4579],[-0.638128,73.2855,-39.2014],[[[-0.0688572,-0.983217,-0.168945],[0.959874,-0.111441,0.257338],[-0.271846,-0.144447,0.951438]],[[-0.0565707,-0.975732,-0.211533],[0.454101,0.163543,-0.875812],[0.889152,-0.145603,0.433829]],[[-0.0565707,-0.975732,-0.211533],[0.184119,0.198043,-0.962746],[0.981275,-0.0934104,0.168447]],[[-0.0565707,-0.975732,-0.211533],[0.0586179,0.208261,-0.976315],[0.996676,-0.0676304,0.045414]]],4]],[[0,200,0],[235.247,235.247,147.751]]],[75622,25510817878,[[66,"right",[0.287795,0.413133,-0.864],[-0.891786,-0.213284,-0.399035],[48.2863,93.4957,-1.0189],[-0.353534,-1.78877,-1.17467],[49.3857,96.5202,-0.594888],0,1,0.724021,[[0.339137,-0.787368,-0.514818],[0.937068,0.331027,0.11102],[0.0830055,-0.520071,0.85008]],60.5143,[60.9973,-66.5799,260.679],[39.7134,66.7747,42.7042]]],[[660,[0.205248,0.363351,-0.908762],66,49.4944,[39.4871,138.871,-17.6842],[39.1475,135.702,-17.2245],[-1.34597,-0.415694,-3.70662],false,[20.179,87.2142,49.7321],[20.179,87.2142,49.7321],[31.0345,128.268,28.6585],[37.6804,140.033,-0.767429],[39.8642,134.414,-22.1603],[[[0.994285,-0.0848769,0.0647593],[0.00552389,0.646671,0.762749],[-0.106618,-0.758032,0.643444]],[[0.972317,-0.181657,0.14697],[-0.046524,0.46588,0.883624],[-0.228987,-0.866001,0.444531]],[[0.972317,-0.181657,0.14697],[0.111681,0.913771,0.390577],[-0.205248,-0.363351,0.908762]],[[0.972317,-0.181657,0.14697],[0.212005,0.950305,-0.22798],[-0.0982523,0.252827,0.96251]]],0],[661,[-0.905643,-0.239065,-0.350226],66,55.8489,[-17.2118,114.945,-45.1374],[-18.3417,111.19,-45.5072],[2.98373,2.17947,-13.9577],false,[42.338,88.5918,46.0101],[48.6479,124.793,-13.4144],[14.0629,120.919,-34.7122],[-6.72557,115.432,-42.7515],[-21.5931,110.504,-46.9893],[[[0.392496,-0.803408,-0.447752],[0.915309,0.29339,0.27592],[-0.0903111,-0.518129,0.850521]],[[0.397929,-0.764495,-0.50715],[0.350917,0.637602,-0.6858],[0.84765,0.0949319,0.521994]],[[0.397929,-0.764495,-0.50715],[0.146504,0.598662,-0.78749],[0.905643,0.239065,0.350226]],[[0.397929,-0.764495,-0.50715],[0.0456529,0.568618,-0.821334],[0.91628,0.303679,0.261171]]],1],[662,[-0.958558,-0.128138,-0.254456],66,63.6354,[-20.8973,103.792,-49.6639],[-21.7729,98.9564,-49.5654],[1.76005,-5.98095,-5.60084],false,[48.4086,80.0621,40.8008],[57.8099,106.756,-19.109],[17.707,104.86,-41.0989],[-8.17954,101.4,-47.9707],[-25.5952,98.4314,-50.4974],[[[0.214859,-0.904188,-0.36916],[0.966283,0.141893,0.214856],[-0.141889,-0.402877,0.904189]],[[0.201197,-0.936818,-0.286167],[0.438185,0.347357,-0.829058],[0.876078,0.0414096,0.480387]],[[0.201197,-0.936818,-0.286167],[0.201711,0.325503,-0.923775],[0.958558,0.128138,0.254456]],[[0.201197,-0.936818,-0.286167],[0.085033,0.307742,-0.947663],[0.975853,0.166333,0.141577]]],2],[663,[-0.976273,-0.0683137,-0.205484],66,61.1871,[-13.1843,90.1281,-46.6867],[-13.8772,83.7355,-45.6262],[2.27513,-5.78764,-4.40327],false,[51.8399,69.9999,35.9941],[63.2932,85.8494,-20.1887],[25.4137,87.1669,-39.2639],[-0.270432,85.3697,-44.6699],[-17.8342,83.3685,-46.2061],[[[0.118179,-0.961726,-0.247217],[0.974149,0.0640155,0.216647],[-0.192529,-0.266429,0.94443]],[[0.135469,-0.932982,-0.333456],[0.429777,0.358581,-0.82868],[0.892715,-0.0310509,0.449551]],[[0.135469,-0.932982,-0.333456],[0.168933,0.353381,-0.9201],[0.976273,0.0683137,0.205484]],[[0.135469,-0.932982,-0.333456],[0.043169,0.341797,-0.938782],[0.989841,0.112781,0.0865789]]],3],[664,[-0.981491,0.0918444,-0.168047],66,47.9696,[3.98416,78.3251,-40.2795],[3.11736,72.9137,-39.0478],[1.76445,-5.46165,-0.750688],false,[48.8106,57.5763,31.6161],[63.8121,65.5294,-20.7689],[33.9526,70.3747,-35.3486],[15.7216,72.0807,-38.4701],[-0.595951,73.1609,-39.2017],[[[-0.0674913,-0.983367,-0.168623],[0.959809,-0.110139,0.258139],[-0.272418,-0.144424,0.951278]],[[-0.0551164,-0.975839,-0.211423],[0.454193,0.164067,-0.875666],[0.889197,-0.144291,0.434177]],[[-0.0551164,-0.975839,-0.211423],[0.183405,0.198248,-0.96284],[0.981491,-0.0918444,0.168047]],[[-0.0551164,-0.975839,-0.211423],[0.0575647,0.208288,-0.976372],[0.996819,-0.0659846,0.0446939]]],4]],[[0,200,0],[235.247,235.247,147.751]]],[75623,25510841618,[[66,"right",[0.288331,0.413325,-0.863729],[-0.890798,-0.215065,-0.400283],[48.2721,93.443,-1.06453],[-0.492697,-2.03563,-1.60151],[49.38,96.5046,-0.597276],0,1,0.724444,[[0.341177,-0.786729,-0.514447],[0.936294,0.332967,0.111745],[0.0833806,-0.519798,0.85021]],60.5143,[61.0628,-66.5616,260.664],[39.6827,66.7232,42.656]]],[[660,[0.205976,0.363318,-0.908611],66,49.4944,[39.4871,138.871,-17.6842],[39.0961,135.647,-17.3205],[-1.82383,-1.20319,-4.21774],false,[20.1006,87.1297,49.6469],[20.1006,87.1297,49.6469],[30.9158,128.183,28.5513],[37.5854,139.947,-0.869723],[39.8253,134.385,-22.2716],[[[0.99434,-0.083037,0.0662771],[0.00320411,0.646973,0.762506],[-0.106196,-0.757978,0.643577]],[[0.972416,-0.179859,0.148521],[-0.0485809,0.466603,0.883132],[-0.22814,-0.865986,0.444994]],[[0.972416,-0.179859,0.148521],[0.109462,0.914139,0.390343],[-0.205976,-0.363318,0.908611]],[[0.972416,-0.179859,0.148521],[0.210361,0.951322,-0.225245],[-0.100779,0.250275,0.962915]]],0],[661,[-0.904369,-0.239549,-0.353175],66,55.8489,[-17.2119,114.945,-45.1374],[-18.2913,111.082,-45.7551],[2.53515,-1.45623,-12.2514],false,[42.2625,88.5462,45.9574],[48.5951,124.736,-13.4716],[14.0727,120.837,-34.866],[-6.68655,115.338,-42.973],[-21.537,110.403,-47.2613],[[[0.39463,-0.802862,-0.446855],[0.914359,0.295166,0.277174],[-0.0906362,-0.517967,0.850586]],[[0.400091,-0.763867,-0.506393],[0.352156,0.63826,-0.684551],[0.846117,0.0955534,0.524362]],[[0.400091,-0.763867,-0.506393],[0.148473,0.599268,-0.78666],[0.904369,0.239549,0.353175]],[[0.400091,-0.763867,-0.506393],[0.0478572,0.569204,-0.820803],[0.915225,0.304161,0.26429]]],1],[662,[-0.957677,-0.129589,-0.257023],66,63.6354,[-20.8978,103.788,-49.6643],[-21.6888,98.786,-49.8012],[2.93668,-6.51385,-8.65718],false,[48.3565,80.0257,40.7605],[57.7986,106.714,-19.1455],[17.7657,104.756,-41.2573],[-8.09708,101.256,-48.1984],[-25.502,98.2612,-50.767],[[[0.21706,-0.903936,-0.368489],[0.9657,0.143739,0.216245],[-0.142505,-0.402788,0.904132]],[[0.203255,-0.936713,-0.285053],[0.440288,0.347475,-0.827894],[0.874548,0.0427685,0.483049]],[[0.203255,-0.936713,-0.285053],[0.203817,0.32523,-0.923409],[0.957677,0.129589,0.257023]],[[0.203255,-0.936713,-0.285053],[0.0869814,0.307254,-0.947644],[0.975255,0.16782,0.143928]]],2],[663,[-0.975622,-0.0697215,-0.208089],66,61.1871,[-13.1864,90.101,-46.6842],[-13.7796,83.5811,-45.8343],[3.55149,-5.93453,-7.56803],false,[51.8133,69.9679,35.9629],[63.3215,85.8167,-20.2089],[25.4984,87.0806,-39.3993],[-0.168539,85.2464,-44.8738],[-17.7256,83.219,-46.4518],[[[0.120303,-0.961604,-0.246668],[0.973706,0.0658767,0.218077],[-0.193454,-0.266418,0.944244]],[[0.137635,-0.932929,-0.332715],[0.431842,0.358825,-0.8275],[0.891386,-0.0297876,0.452265]],[[0.137635,-0.932929,-0.332715],[0.170935,0.353245,-0.919782],[0.975622,0.0697215,0.208089]],[[0.137635,-0.932929,-0.332715],[0.0449526,0.34145,-0.938824],[0.989462,0.114259,0.0889329]]],3],[664,[-0.98149,0.0898765,-0.169115],66,47.9696,[3.97744,78.2753,-40.2691],[3.19704,72.762,-39.1423],[2.62928,-6.01745,-2.43925],false,[48.8132,57.5371,31.5851],[63.8784,65.4975,-20.7805],[34.0316,70.284,-35.4055],[15.8006,71.9534,-38.5467],[-0.51846,73.0005,-39.2931],[[[-0.0654447,-0.983553,-0.168344],[0.959622,-0.108288,0.259615],[-0.273575,-0.144556,0.950926]],[[-0.0529557,-0.975976,-0.211346],[0.455186,0.164785,-0.875015],[0.88882,-0.142539,0.435524]],[[-0.0529557,-0.975976,-0.211346],[0.184047,0.198479,-0.96267],[0.98149,-0.0898764,0.169115]],[[-0.0529557,-0.975976,-0.211346],[0.0580174,0.208279,-0.976347],[0.99691,-0.0639649,0.045594]]],4]],[[0,200,0],[235.247,235.247,147.751]]],[75624,25510865342,[[66,"right",[0.288628,0.413496,-0.863548],[-0.889816,-0.217106,-0.401364],[48.2898,93.3694,-1.11226],[0.214775,-2.64391,-1.83577],[49.375,96.4903,-0.599621],0,1,0.727744,[[0.343427,-0.78608,-0.513942],[0.935452,0.335007,0.112691],[0.0835904,-0.519469,0.850391]],60.5143,[61.1313,-66.547,260.664],[39.6973,66.6535,42.61]]],[[660,[0.206123,0.363097,-0.908666],66,49.4944,[39.4871,138.87,-17.6841],[39.0459,135.564,-17.4323],[-2.29783,-2.25799,-4.9615],false,[20.0637,87.0228,49.5646],[20.0637,87.0228,49.5646],[30.8092,128.074,28.4294],[37.4835,139.831,-0.993482],[39.774,134.325,-22.4048],[[[0.99442,-0.0809457,0.0676441],[0.000847554,0.647354,0.762189],[-0.105486,-0.757879,0.64381]],[[0.972663,-0.177529,0.1497],[-0.0504832,0.467577,0.882509],[-0.226668,-0.865941,0.445833]],[[0.972663,-0.177529,0.1497],[0.106959,0.914682,0.389764],[-0.206123,-0.363097,0.908666]],[[0.972663,-0.177529,0.1497],[0.208104,0.952429,-0.222649],[-0.103052,0.247716,0.963337]]],0],[661,[-0.903175,-0.240666,-0.355464],66,55.8489,[-17.2119,114.945,-45.1375],[-18.2281,110.91,-45.9714],[2.60608,-4.6829,-10.5859],false,[42.2276,88.4834,45.9041],[48.5646,124.657,-13.5343],[14.0951,120.708,-35.0047],[-6.63677,115.183,-43.1642],[-21.47,110.23,-47.4918],[[[0.396887,-0.802264,-0.44593],[0.913375,0.297195,0.278247],[-0.0906992,-0.517734,0.85072]],[[0.402354,-0.763216,-0.505582],[0.352688,0.638854,-0.683723],[0.844821,0.0967861,0.526222]],[[0.402354,-0.763216,-0.505582],[0.14962,0.599651,-0.78615],[0.903175,0.240666,0.355464]],[[0.402354,-0.763216,-0.505582],[0.0492268,0.569494,-0.82052],[0.91416,0.305251,0.266709]]],1],[662,[-0.956918,-0.131483,-0.258881],66,63.6354,[-20.8983,103.783,-49.665],[-21.5966,98.5605,-49.993],[3.50659,-8.19426,-8.51758],false,[48.3461,79.9729,40.7195],[57.8129,106.651,-19.1871],[17.8305,104.609,-41.3823],[-8.01185,101.058,-48.3735],[-25.4063,98.0291,-50.9739],[[[0.219422,-0.903666,-0.367751],[0.965111,0.145845,0.217461],[-0.142877,-0.402637,0.90414]],[[0.205531,-0.936515,-0.284072],[0.441415,0.347778,-0.827166],[0.873447,0.0446145,0.484871]],[[0.205531,-0.936515,-0.284072],[0.205095,0.325042,-0.923192],[0.956918,0.131483,0.258881]],[[0.205531,-0.936515,-0.284072],[0.0882487,0.306823,-0.947667],[0.974664,0.169706,0.145708]]],2],[663,[-0.97501,-0.0714575,-0.210356],66,61.1871,[-13.1877,90.0785,-46.6829],[-13.6577,83.3824,-46.0245],[4.63883,-7.12139,-8.34981],false,[51.8301,69.92,35.9315],[63.3805,85.7649,-20.2328],[25.6064,86.9606,-39.5237],[-0.044481,85.0806,-45.0578],[-17.5945,83.0216,-46.6722],[[[0.122622,-0.961474,-0.246031],[0.973275,0.0679998,0.219342],[-0.194162,-0.266352,0.944117]],[[0.139979,-0.932865,-0.331918],[0.433466,0.359123,-0.826522],[0.890232,-0.0281792,0.454635]],[[0.139979,-0.932865,-0.331918],[0.172515,0.353069,-0.919555],[0.97501,0.0714575,0.210356]],[[0.139979,-0.932865,-0.331918],[0.046356,0.341025,-0.938911],[0.989069,0.116041,0.0909803]]],3],[664,[-0.981554,0.0876222,-0.169923],66,47.9696,[3.97184,78.2248,-40.2597],[3.30783,72.574,-39.227],[3.74752,-7.13736,-2.89811],false,[48.8616,57.4808,31.5559],[63.9802,65.4466,-20.7935],[34.1431,70.1658,-35.4602],[15.9109,71.7933,-38.