{"metadata":{"formatVersion":2,"generatedBy":"LeapJS Playback 0.2.1","frames":100,"protocolVersion":6,"serviceVersion":"2.3.1+31549","frameRate":"70","modified":"Sun Sep 20 2015 06:54:21 GMT-0400 (EDT)"},"frames":[["id","timestamp",{"hands":[["id","type","direction","palmNormal","palmPosition","palmVelocity","stabilizedPalmPosition","pinchStrength","grabStrength","confidence","armBasis","armWidth","elbow","wrist"]]},{"pointables":[["id","direction","handId","length","stabilizedTipPosition","tipPosition","tipVelocity","tool","carpPosition","mcpPosition","pipPosition","dipPosition","btipPosition","bases","type"]]},{"interactionBox":["center","size"]}],[78076,25566147276,[[67,"right",[-0.0476207,0.00312017,-0.998861],[0.881583,-0.470021,-0.0434977],[-45.7969,137.354,-3.46608],[-3.49664,4.59991,-1.04329],[-45.614,140.297,-4.81524],0.314278,1,1,[[0.174662,0.910076,-0.37584],[-0.69642,0.38402,0.60624],[0.696055,0.155855,0.700869]],59.4501,[131.73,184.63,223.448],[-43.611,145.369,46.8937]]],[[670,[0.214547,-0.152133,-0.964793],67,48.6241,[-36.4288,97.3595,-39.3313],[-41.0242,92.908,-33.446],[-4.11753,6.59024,-1.84335],false,[-47.0667,117.146,50.1666],[-47.0667,117.146,50.1666],[-57.5091,94.4132,10.8834],[-50.6841,89.5737,-19.8075],[-38.4122,94.0417,-37.3066],[[[-0.60883,0.776184,-0.163904],[-0.75362,-0.501369,0.425072],[0.247758,0.382318,0.890196]],[[-0.631345,0.732087,-0.255835],[-0.742381,-0.475166,0.472321],[0.224216,0.488124,0.843482]],[[-0.631345,0.732087,-0.255835],[-0.745233,-0.664006,-0.0610189],[-0.214547,0.152133,0.964793]],[[-0.631345,0.732087,-0.255835],[-0.534353,-0.649752,-0.540638],[-0.562024,-0.204624,0.80141]]],0],[671,[0.892025,-0.450566,0.0358036],67,54.8668,[7.2409,89.2607,-37.923],[6.22895,83.7335,-31.1264],[-1.82396,8.76663,-6.21732],false,[-60.0911,132.394,40.8403],[-59.6538,117.757,-26.2192],[-24.7821,99.3158,-33.3303],[-4.66627,89.1552,-32.5229],[9.4935,82.1571,-30.3704],[[[0.454958,0.870643,-0.187064],[-0.89049,0.443293,-0.102562],[-0.0063712,0.21324,0.976979]],[[0.45193,0.887865,-0.0863364],[-0.197235,0.0050652,-0.980343],[-0.869975,0.460075,0.177407]],[[0.45193,0.887865,-0.0863364],[-0.00711144,-0.0931949,-0.995622],[-0.892025,0.450566,-0.0358036]],[[0.45193,0.887865,-0.0863364],[0.081989,-0.137716,-0.987072],[-0.888277,0.439009,-0.135033]]],1],[672,[0.800288,-0.596535,0.0607009],67,62.5164,[16.8115,93.3129,-41.1763],[15.0642,85.6254,-30.0926],[-1.7686,9.34898,-6.4346],false,[-56.3314,142.875,38.0146],[-51.7855,136.842,-26.6384],[-16.9452,109.303,-33.7189],[4.28715,93.4765,-32.1085],[18.2956,83.3192,-29.2818],[[[0.595011,0.803035,-0.033107],[-0.800678,0.588678,-0.111237],[-0.0698379,0.0926953,0.993242]],[[0.598957,0.790561,-0.127531],[-0.202567,-0.0044984,-0.979258],[-0.774736,0.612367,0.157447]],[[0.598957,0.790561,-0.127531],[-0.0280888,-0.138419,-0.989975],[-0.800288,0.596535,-0.0607009]],[[0.598957,0.790561,-0.127531],[0.0535722,-0.19846,-0.978644],[-0.798987,0.579334,-0.161221]]],2],[673,[0.771212,-0.636547,0.00634581],67,60.1111,[21.7561,110.382,-31.9509],[20.8515,105.132,-27.7554],[-3.04823,9.51457,-6.03877],false,[-50.1641,152.458,36.7833],[-41.9232,154.82,-21.027],[-9.24168,130.255,-29.1605],[10.6908,113.803,-28.9965],[23.8317,102.484,-27.2413],[[[0.636903,0.761246,0.121898],[-0.757939,0.647202,-0.0815991],[-0.14101,-0.0404206,0.989183]],[[0.62045,0.753865,0.216171],[-0.0197008,0.290537,-0.956661],[-0.783999,0.589301,0.195115]],[[0.62045,0.753865,0.216171],[0.142387,0.162776,-0.976335],[-0.771212,0.636547,-0.00634581]],[[0.62045,0.753865,0.216171],[0.216265,0.100486,-0.97115],[-0.753838,0.6493,-0.100688]]],3],[674,[0.66697,-0.74155,-0.0724889],67,47.126,[14.3315,128.406,-26.5723],[13.2607,123.731,-24.357],[-3.87941,9.13626,-5.57178],false,[-38.7057,158.96,38.4425],[-29.5419,168.813,-13.9569],[-7.0093,146.619,-23.3381],[5.16169,133.087,-24.6609],[15.5857,120.849,-24.2205],[[[0.732721,0.633981,0.247361],[-0.659111,0.751594,0.0260686],[-0.169388,-0.18214,0.968573]],[[0.730389,0.631487,0.260299],[-0.00445164,0.385487,-0.922703],[-0.683017,0.672773,0.284367]],[[0.730389,0.631487,0.260299],[0.147249,0.226557,-0.962803],[-0.66697,0.74155,0.0724889]],[[0.730389,0.631487,0.260299],[0.215376,0.148723,-0.96514],[-0.648186,0.76099,-0.0273815]]],4]],[[0,200,0],[235.247,235.247,147.751]]],[78077,25566172330,[[67,"right",[-0.0524437,0.00773545,-0.998594],[0.883983,-0.464834,-0.0500254],[-46.1613,137.816,-3.49152],[-10.0245,12.7582,-1.02667],[-45.6172,140.283,-4.8076],0.312763,1,1,[[0.171881,0.914063,-0.36735],[-0.694976,0.376799,0.612398],[0.698187,0.15004,0.700016]],59.4501,[132.101,183.392,223.235],[-43.778,145.596,46.896]]],[[670,[0.210078,-0.146076,-0.96671],67,48.6241,[-36.4827,97.3207,-39.2705],[-41.3329,93.5593,-33.7002],[-9.37961,18.0717,-6.78188],false,[-47.0598,117.339,50.0466],[-47.0598,117.339,50.0466],[-57.6105,94.7433,10.7129],[-50.9277,90.0965,-20.0389],[-38.7632,94.7323,-37.5694],[[[-0.613952,0.773538,-0.157172],[-0.748744,-0.507674,0.426204],[0.249892,0.37935,0.890869]],[[-0.636542,0.730062,-0.248645],[-0.73722,-0.481273,0.474219],[0.226543,0.485166,0.844566]],[[-0.636542,0.730062,-0.248645],[-0.742079,-0.667587,-0.0603858],[-0.210078,0.146076,0.96671]],[[-0.636542,0.730062,-0.248645],[-0.533339,-0.649567,-0.541861],[-0.557103,-0.212305,0.802846]]],0],[671,[0.894695,-0.445764,0.0285685],67,54.8668,[7.23397,89.2343,-37.8861],[6.0259,84.6257,-31.695],[-5.58268,24.5654,-16.795],false,[-60.2141,132.558,40.8579],[-60.0175,118.252,-26.2742],[-25.0857,100.045,-33.6865],[-4.90969,89.9923,-33.0422],[9.29986,83.0624,-31.0001],[[[0.449167,0.874094,-0.184956],[-0.893443,0.438771,-0.0961201],[-0.0028645,0.208422,0.978035]],[[0.446518,0.890828,-0.0839448],[-0.202865,0.00941502,-0.979162],[-0.871474,0.454243,0.184922]],[[0.446518,0.890828,-0.0839448],[-0.01197,-0.0878613,-0.996061],[-0.894695,0.445764,-0.0285685]],[[0.446518,0.890828,-0.0839448],[0.077627,-0.13203,-0.988201],[-0.891401,0.434733,-0.128106]]],1],[672,[0.803908,-0.592297,0.053995],67,62.5164,[16.8066,93.2961,-41.1496],[14.8606,86.5622,-30.6603],[-5.50052,25.9147,-16.0303],false,[-56.5269,143.074,38.0657],[-52.2584,137.382,-26.6372],[-17.2977,110.077,-34.0202],[4.03071,94.3628,-32.5877],[18.1091,84.271,-29.8765],[[[0.590335,0.806523,-0.0320056],[-0.80449,0.5847,-0.10451],[-0.0655757,0.0874439,0.994009]],[[0.593896,0.79456,-0.126343],[-0.207161,-0.000717701,-0.978307],[-0.777414,0.607185,0.164175]],[[0.593896,0.79456,-0.126343],[-0.0319303,-0.133636,-0.990516],[-0.803908,0.592297,-0.053995]],[[0.593896,0.79456,-0.126343],[0.0501453,-0.193289,-0.97986],[-0.802978,0.575599,-0.154637]]],2],[673,[0.774709,-0.632318,-0.0000714238],67,60.1111,[21.7472,110.352,-31.9239],[20.5438,106.083,-28.2467],[-8.5361,26.2655,-13.9738],false,[-50.4194,152.697,36.8521],[-42.4701,155.389,-20.9847],[-9.69442,131.045,-29.3998],[10.3285,114.702,-29.4017],[23.5386,103.448,-27.7538],[[[0.633206,0.764213,0.12259],[-0.761938,0.643317,-0.0747891],[-0.136019,-0.046049,0.989635]],[[0.61734,0.756334,0.21645],[-0.026276,0.294808,-0.955195],[-0.786258,0.583993,0.20187]],[[0.61734,0.756334,0.21645],[0.136811,0.16773,-0.976294],[-0.774709,0.632318,0.0000714238]],[[0.61734,0.756334,0.21645],[0.211236,0.10567,-0.971706],[-0.757807,0.645595,-0.0945309]]],3],[674,[0.670757,-0.737425,-0.0793107],67,47.126,[14.3084,128.348,-26.5441],[12.8701,124.627,-24.7316],[-10.7805,24.8639,-11.1215],false,[-38.9897,159.255,38.4884],[-30.1335,169.417,-13.9052],[-7.52235,147.396,-23.5043],[4.71774,133.939,-24.9516],[15.212,121.758,-24.6206],[[[0.730339,0.636877,0.246966],[-0.663179,0.747736,0.0329164],[-0.163702,-0.187823,0.968465]],[[0.728083,0.634307,0.259901],[-0.0110796,0.389987,-0.920754],[-0.685399,0.667506,0.290971]],[[0.728083,0.634307,0.259901],[0.14135,0.232075,-0.962373],[-0.670757,0.737425,0.0793107]],[[0.728083,0.634307,0.259901],[0.209918,0.154618,-0.965416],[-0.652556,0.757461,-0.0205776]]],4]],[[0,200,0],[235.247,235.247,147.751]]],[78078,25566197132,[[67,"right",[-0.0640873,0.0186505,-0.99777],[0.888138,-0.454879,-0.0655482],[-46.9134,138.623,-3.44241],[-21.9432,24.3869,0.738515],[-45.6316,140.264,-4.79237],0.312425,1,1,[[0.166397,0.919792,-0.355381],[-0.696524,0.364749,0.61791],[0.697973,0.144713,0.70135]],59.4501,[131.797,182.303,223.677],[-44.0277,145.849,47.0014]]],[[670,[0.200179,-0.132651,-0.970738],67,48.6241,[-36.586,97.2768,-39.1764],[-41.9926,94.7773,-34.2121],[-19.5468,36.2077,-14.9139],false,[-46.9782,117.525,49.8612],[-46.9782,117.525,49.8612],[-57.7621,95.2754,10.3936],[-51.3942,91.0556,-20.4864],[-39.4837,96.0228,-38.1003],[[[-0.623754,0.768773,-0.141134],[-0.738428,-0.520405,0.428839],[0.256232,0.371708,0.892288]],[[-0.646905,0.726219,-0.232638],[-0.726567,-0.494347,0.477202],[0.231549,0.477731,0.847442]],[[-0.646905,0.726219,-0.232638],[-0.735828,-0.674544,-0.0595616],[-0.200179,0.132651,0.970738]],[[-0.646905,0.726219,-0.232638],[-0.532898,-0.648735,-0.543289],[-0.545467,-0.227484,0.80667]]],0],[671,[0.899548,-0.436644,0.0124925],67,54.8668,[7.21382,89.2008,-37.8258],[5.49006,86.3153,-32.8849],[-15.0089,50.0534,-35.812],false,[-60.3959,132.709,41.0012],[-60.8281,119.178,-26.2902],[-25.8046,101.428,-34.3509],[-5.51916,91.581,-34.0692],[8.78496,84.7774,-32.2776],[[[0.437866,0.88085,-0.179937],[-0.899018,0.430397,-0.0807719],[0.00629628,0.197133,0.980356]],[[0.43621,0.896403,-0.0786251],[-0.215081,0.0190205,-0.976411],[-0.873763,0.442831,0.201096]],[[0.43621,0.896403,-0.0786251],[-0.0231328,-0.0761764,-0.996826],[-0.899548,0.436644,-0.0124925]],[[0.43621,0.896403,-0.0786251],[0.0671867,-0.119577,-0.990549],[-0.897333,0.426804,-0.112387]]],1],[672,[0.810612,-0.584352,0.0379527],67,62.5164,[16.7896,93.2622,-41.085],[14.3209,88.3332,-31.8995],[-15.0021,52.5983,-35.9605],false,[-56.8511,143.295,38.2892],[-53.2734,138.392,-26.5201],[-18.117,111.545,-34.6205],[3.38923,96.0413,-33.6136],[17.6023,86.0682,-31.1798],[[[0.581493,0.81302,-0.0294087],[-0.811693,0.577343,-0.0884864],[-0.0549623,0.075325,0.995643]],[[0.584084,0.802204,-0.123753],[-0.218378,0.0084636,-0.975827],[-0.781765,0.596991,0.180127]],[[0.584084,0.802204,-0.123753],[-0.0418697,-0.122484,-0.991587],[-0.810612,0.584352,-0.0379527]],[[0.584084,0.802204,-0.123753],[0.0409659,-0.181403,-0.982555],[-0.810659,0.568825,-0.138818]]],2],[673,[0.781164,-0.624118,-0.0161118],67,60.1111,[21.7155,110.311,-31.8801],[19.8245,107.88,-29.3236],[-20.5345,53.3362,-31.2581],false,[-50.8585,152.995,37.1173],[-43.6083,156.434,-20.7717],[-10.6827,132.534,-29.849],[9.50705,116.404,-30.2654],[22.8507,105.271,-28.8941],[[[0.62659,0.769392,0.124184],[-0.769412,0.636061,-0.0585773],[-0.124057,-0.0588444,0.990529]],[[0.611944,0.760302,0.217864],[-0.0406525,0.305336,-0.951377],[-0.789856,0.573332,0.217757]],[[0.611944,0.760302,0.217864],[0.123723,0.180047,-0.975846],[-0.781164,0.624118,0.0161118]],[[0.611944,0.760302,0.217864],[0.198946,0.11863,-0.972804],[-0.76547,0.638645,-0.0786644]]],3],[674,[0.677436,-0.72935,-0.095547],67,47.126,[14.1785,128.233,-26.4856],[12.0019,126.302,-25.5096],[-24.9742,49.9136,-23.0127],false,[-39.4796,159.654,38.6985],[-31.3373,170.509,-13.6717],[-8.61084,148.84,-23.7847],[3.75114,135.53,-25.5283],[14.3748,123.457,-25.459],[[[0.726478,0.641667,0.245952],[-0.670505,0.740272,0.0491934],[-0.150506,-0.20065,0.968033]],[[0.724401,0.638927,0.258875],[-0.0258218,0.400403,-0.915975],[-0.688895,0.656849,0.30655]],[[0.724401,0.638927,0.258875],[0.127762,0.244585,-0.961174],[-0.677436,0.72935,0.095547]],[[0.724401,0.638927,0.258875],[0.197098,0.167889,-0.965901],[-0.660602,0.750724,-0.00431204]]],4]],[[0,200,0],[235.247,235.247,147.751]]],[78079,25566219970,[[67,"right",[-0.084205,0.0319571,-0.995936],[0.896375,-0.434124,-0.0897172],[-48.1258,139.416,-3.29061],[-39.2956,30.1474,4.03051],[-45.6824,140.247,-4.76182],0.312549,1,0.711691,[[0.148227,0.92832,-0.340957],[-0.697237,0.342598,0.629672],[0.701348,0.144393,0.698041]],59.4501,[132.274,182.332,223.033],[-44.401,145.959,47.1915]]],[[670,[0.183846,-0.11372,-0.976355],67,48.6241,[-36.7721,97.2475,-39.0467],[-42.8622,96.1546,-34.8102],[-29.7667,49.4989,-21.0922],false,[-46.676,117.537,49.6775],[-46.676,117.537,49.6775],[-57.7531,95.6414,10.0934],[-51.9048,92.0239,-20.9653],[-40.455,97.5151,-38.7285],[[[-0.643039,0.756801,-0.117277],[-0.718276,-0.542871,0.435167],[0.265669,0.364067,0.892679]],[[-0.66705,0.715126,-0.208898],[-0.706027,-0.51727,0.483692],[0.237844,0.470134,0.849943]],[[-0.66705,0.715126,-0.208898],[-0.721973,-0.689683,-0.0556163],[-0.183846,0.11372,0.976355]],[[-0.66705,0.715126,-0.208898],[-0.529226,-0.652189,-0.542742],[-0.52437,-0.251482,0.813507]]],0],[671,[0.908916,-0.416809,-0.0119435],67,54.8668,[7.15807,89.1901,-37.7455],[4.8102,88.7207,-34.5515],[-23.2031,80.7731,-56.9167],false,[-60.5943,132.55,41.3119],[-62.0625,120.008,-26.1562],[-26.8314,103.158,-35.1866],[-6.33463,93.7586,-35.4559],[8.14719,87.2468,-34.049],[[[0.41491,0.892871,-0.175017],[-0.909611,0.411571,-0.0567186],[0.0213895,0.182731,0.98293]],[[0.414918,0.906894,-0.0733943],[-0.235166,0.0289672,-0.971523],[-0.878943,0.420362,0.22529]],[[0.414918,0.906894,-0.0733943],[-0.0414229,-0.0617537,-0.997231],[-0.908916,0.416809,0.0119435]],[[0.414918,0.906894,-0.0733943],[0.050059,-0.103297,-0.99339],[-0.908481,0.408501,-0.0882581]]],1],[672,[0.823804,-0.566703,0.0139448],67,62.5164,[16.736,93.2229,-40.9559],[13.6191,90.9229,-33.6684],[-23.6536,86.4838,-58.8378],false,[-57.3354,143.25,38.6926],[-54.9345,139.385,-26.2411],[-19.3636,113.448,-35.4241],[2.49269,98.4128,-35.0541],[16.9646,88.7237,-33.0339],[[[0.562931,0.826017,-0.0283599],[-0.82568,0.560508,-0.063897],[-0.0368841,0.0593858,0.997553]],[[0.563898,0.816713,-0.122468],[-0.237408,0.0182783,-0.971238],[-0.790984,0.576754,0.204201]],[[0.563898,0.816713,-0.122468],[-0.0580142,-0.108753,-0.992374],[-0.823804,0.566703,-0.0139448]],[[0.563898,0.816713,-0.122468],[0.0264283,-0.166065,-0.985761],[-0.825421,0.552632,-0.115228]]],2],[673,[0.794107,-0.606407,-0.0408017],67,60.1111,[21.6075,110.317,-31.8423],[18.7392,110.541,-30.9338],[-35.4985,88.5028,-53.261],false,[-51.5802,153.097,37.5519],[-45.5533,157.55,-20.4083],[-12.3026,134.522,-30.4978],[8.22163,118.849,-31.5524],[21.8291,107.994,-30.6081],[[[0.611999,0.781133,0.123646],[-0.784106,0.619698,-0.0339275],[-0.103125,-0.0761877,0.991746]],[[0.599444,0.770372,0.217243],[-0.0664505,0.318373,-0.945633],[-0.797654,0.552418,0.242038]],[[0.599444,0.770372,0.217243],[0.100305,0.196973,-0.975264],[-0.794107,0.606407,0.0408017]],[[0.599444,0.770372,0.217243],[0.177002,0.13711,-0.974613],[-0.780601,0.622678,-0.0541678]]],3],[674,[0.691148,-0.71273,-0.119705],67,47.126,[13.6538,128.294,-26.5089],[10.5954,128.727,-26.6831],[-45.3139,81.2152,-38.7996],false,[-40.3202,159.982,39.0124],[-33.4541,171.786,-13.3354],[-10.4651,150.776,-24.2177],[2.14714,137.77,-26.4021],[13.0304,125.935,-26.7209],[[[0.717038,0.653864,0.241493],[-0.685383,0.724467,0.0734696],[-0.126915,-0.218196,0.967617]],[[0.715276,0.650886,0.254418],[-0.052681,0.41324,-0.909097],[-0.696854,0.636852,0.32987]],[[0.715276,0.650886,0.254418],[0.103417,0.261463,-0.959657],[-0.691148,0.71273,0.119705]],[[0.715276,0.650886,0.254418],[0.174336,0.186355,-0.966891],[-0.676748,0.735948,0.0198222]]],4]],[[0,200,0],[235.247,235.247,147.751]]],[78080,25566240715,[[67,"right",[-0.116101,0.045742,-0.992184],[0.901808,-0.413783,-0.124602],[-49.5457,140.114,-3.0566],[-54.5379,31.9755,7.82119],[-45.8063,140.243,-4.70709],0.313137,1,0.70455,[[0.137076,0.935175,-0.326586],[-0.699254,0.324877,0.636787],[0.701608,0.141078,0.698458]],59.4501,[132.369,181.482,223.332],[-44.3708,145.944,47.385]]],[[670,[0.155658,-0.094436,-0.983287],67,48.6241,[-37.1143,97.2615,-38.8804],[-44.3819,97.4766,-35.4197],[-52.0668,56.7723,-25.2946],false,[-45.9845,117.445,49.4778],[-45.9845,117.445,49.4778],[-57.8399,95.9434,9.90328],[-52.8883,92.9393,-21.3759],[-42.1123,98.95,-39.3906],[[[-0.66176,0.744894,-0.0848921],[-0.692985,-0.564542,0.448402],[0.286087,0.355564,0.889791]],[[-0.68781,0.704105,-0.176506],[-0.679793,-0.539527,0.496782],[0.254557,0.461679,0.849737]],[[-0.68781,0.704105,-0.176506],[-0.709005,-0.703789,-0.0446453],[-0.155658,0.094436,0.983287]],[[-0.68781,0.704105,-0.176506],[-0.532317,-0.654569,-0.536823],[-0.493515,-0.275275,0.825025]]],0],[671,[0.916431,-0.397425,-0.0469817],67,54.8668,[7.02802,89.255,-37.7054],[3.40771,91.0345,-36.7693],[-46.2966,96.7885,-83.0976],false,[-60.4632,132.292,41.7944],[-63.7941,120.777,-25.7905],[-28.5273,104.813,-36.1874],[-7.86106,95.8511,-37.2468],[6.78803,89.6232,-36.3966],[[[0.390845,0.903998,-0.173283],[-0.919176,0.393248,-0.0216989],[0.0485275,0.167759,0.984633]],[[0.39376,0.91643,-0.0714755],[-0.266169,0.0392467,-0.963127],[-0.879833,0.398266,0.259379]],[[0.39376,0.91643,-0.0714755],[-0.0714616,-0.0470028,-0.996335],[-0.916431,0.397425,0.0469817]],[[0.39376,0.91643,-0.0714755],[0.0209547,-0.0866862,-0.996015],[-0.918974,0.390694,-0.0533372]]],1],[672,[0.835371,-0.54933,-0.0198026],67,62.5164,[16.6087,93.2291,-40.8132],[12.1993,93.414,-36.0824],[-46.8628,104.082,-88.4828],false,[-57.5079,143.098,39.2495],[-57.0704,140.299,-25.7817],[-21.2755,115.265,-36.4766],[0.8876,100.691,-37.002],[15.6108,91.2801,-35.5648],[[[0.54474,0.837978,-0.0324074],[-0.838578,0.544006,-0.0290595],[-0.00672137,0.043006,0.999052]],[[0.542963,0.830234,-0.126105],[-0.267646,0.0287538,-0.963088],[-0.795963,0.556673,0.237821]],[[0.542963,0.830234,-0.126105],[-0.0857138,-0.0945919,-0.991819],[-0.835371,0.54933,0.0198026]],[[0.542963,0.830234,-0.126105],[0.000372489,-0.150406,-0.988624],[-0.839756,0.536739,-0.0819742]]],2],[673,[0.804682,-0.588876,-0.0755756],67,60.1111,[21.3498,110.468,-31.9148],[16.9913,113.085,-33.2468],[-60.8889,106.391,-84.051],false,[-51.9941,153.08,38.0908],[-47.8842,158.563,-19.9486],[-14.5065,136.403,-31.4624],[6.29112,121.183,-33.4158],[20.141,110.603,-33.073],[[[0.599469,0.791764,0.117248],[-0.797303,0.603579,0.000561854],[-0.0703236,-0.093819,0.993103]],[[0.59011,0.779315,0.210805],[-0.103189,0.331783,-0.937695],[-0.800701,0.531591,0.276206]],[[0.59011,0.779315,0.210805],[0.0652407,0.214229,-0.974602],[-0.804682,0.588876,0.0755756]],[[0.59011,0.779315,0.210805],[0.143268,0.155883,-0.97733],[-0.794509,0.606934,-0.0196622]]],3],[674,[0.701485,-0.69613,-0.152717],67,47.126,[12.4291,128.932,-26.9625],[8.6174,131.025,-28.4348],[-71.405,96.6286,-62.6463],false,[-40.8369,160.175,39.3122],[-35.8625,172.937,-13.0247],[-12.8018,152.587,-24.9579],[-0.000953742,139.884,-27.7447],[11.1068,128.286,-28.594],[[[0.710742,0.664898,0.229685],[-0.697417,0.708704,0.106527],[-0.0919491,-0.2359,0.967417]],[[0.709449,0.661683,0.242609],[-0.0896901,0.426214,-0.900165],[-0.699027,0.616861,0.361723]],[[0.709449,0.661683,0.242609],[0.0678366,0.278531,-0.958028],[-0.701485,0.69613,0.152717]],[[0.709449,0.661683,0.242609],[0.140027,0.205037,-0.968686],[-0.690706,0.721204,0.0528102]]],4]],[[0,200,0],[235.247,235.247,147.751]]],[78081,25566259388,[[67,"right",[-0.171248,0.0761849,-0.982278],[0.902484,-0.387812,-0.187415],[-51.7266,140.786,-2.19383],[-84.809,33.9336,26.4848],[-46.1035,140.27,-4.58096],0.315908,1,0.705463,[[0.10836,0.941163,-0.32011],[-0.702086,0.300422,0.645617],[0.703799,0.154786,0.693331]],59.4501,[133.367,184.036,222.722],[-43.9256,145.044,48.0668]]],[[670,[0.104846,-0.0572322,-0.99284],67,48.6241,[-37.9844,97.4479,-38.6448],[-47.3614,99.4068,-36.2416],[-102.963,79.227,-34.2363],false,[-44.7971,116.461,49.2521],[-44.7971,116.461,49.2521],[-58.2875,96.0172,9.64065],[-54.9523,94.1966,-21.9425],[-45.2967,101.071,-40.2808],[[[-0.681588,0.731372,-0.0231019],[-0.65484,-0.595569,0.465277],[0.326532,0.332255,0.884864]],[[-0.711883,0.6928,-0.115113],[-0.639778,-0.572134,0.513172],[0.289666,0.438965,0.850531]],[[-0.711883,0.6928,-0.115113],[-0.694428,-0.718855,-0.031895],[-0.104846,0.0572322,0.99284]],[[-0.711883,0.6928,-0.115113],[-0.545603,-0.648774,-0.530481],[-0.442199,-0.314834,0.839845]]],0],[671,[0.920737,-0.373733,-0.112102],67,54.8668,[6.65266,89.5309,-37.8546],[0.347686,94.1419,-40.4741],[-103.509,130.516,-140.734],false,[-59.9968,131.209,42.8823],[-66.7714,121.889,-24.7835],[-31.8065,107.133,-37.683],[-11.0432,98.7046,-40.211],[3.76247,92.8001,-40.4009],[[[0.360854,0.918336,-0.162616],[-0.927385,0.371783,0.0416404],[0.0986978,0.135782,0.98581]],[[0.369084,0.927426,-0.0604812],[-0.320726,0.0660194,-0.944868],[-0.872303,0.368134,0.321816]],[[0.369084,0.927426,-0.0604812],[-0.12657,-0.0143123,-0.991854],[-0.920737,0.373733,0.112102]],[[0.369084,0.927426,-0.0604812],[-0.0334502,-0.051778,-0.998098],[-0.928794,0.370405,0.0119122]]],1],[672,[0.845025,-0.528252,-0.0829579],67,62.5164,[16.2563,93.3952,-40.7684],[9.1334,96.7065,-40.0688],[-103.57,139.129,-148.896],false,[-57.423,142.161,40.5586],[-60.4869,141.553,-24.4593],[-24.7849,117.755,-37.9253],[-2.36561,103.74,-40.1262],[12.618,94.6414,-39.7903],[[[0.523645,0.851312,-0.0326344],[-0.850636,0.524577,0.035182],[0.0470701,0.00933709,0.998848]],[[0.516955,0.846714,-0.125827],[-0.320128,0.0549031,-0.945782],[-0.793899,0.529207,0.29944]],[[0.516955,0.846714,-0.125827],[-0.13671,-0.0634414,-0.988578],[-0.845025,0.528252,0.0829579]],[[0.516955,0.846714,-0.125827],[-0.0490718,-0.117437,-0.991867],[-0.854605,0.518925,-0.0191599]]],2],[673,[0.81202,-0.567131,-0.137792],67,60.1111,[20.6644,110.983,-32.3359],[13.63,116.357,-36.7989],[-118.642,139.508,-134.945],false,[-52.2011,152.304,39.4514],[-51.3976,159.825,-18.4997],[-18.223,138.853,-32.5467],[2.76421,124.195,-36.108],[16.8376,113.935,-36.8453],[[[0.587488,0.801423,0.112151],[-0.809116,0.58409,0.0645837],[-0.0137476,-0.128686,0.99159]],[[0.583574,0.785716,0.205164],[-0.161549,0.359925,-0.918888],[-0.795829,0.503095,0.336975]],[[0.583574,0.785716,0.205164],[0.00808939,0.247009,-0.968979],[-0.81202,0.567131,0.137792]],[[0.583574,0.785716,0.205164],[0.0875218,0.190319,-0.977813],[-0.80733,0.588582,0.0422979]]],3],[674,[0.707156,-0.673769,-0.214395],67,47.126,[9.52553,130.881,-28.5327],[5.14366,133.937,-30.9737],[-127.037,125.398,-98.247],false,[-41.152,159.618,40.3145],[-39.3328,174.241,-11.7396],[-16.52,154.856,-25.5997],[-3.6157,142.561,-29.512],[7.68041,131.265,-31.3608],[[[0.707508,0.673544,0.21394],[-0.705905,0.687951,0.16859],[-0.0336273,-0.2703,0.962189]],[[0.706998,0.669887,0.226728],[-0.148211,0.453818,-0.878682],[-0.691511,0.587623,0.420133]],[[0.706998,0.669887,0.226728],[0.0091424,0.311909,-0.950068],[-0.707156,0.673769,0.214395]],[[0.706998,0.669887,0.226728],[0.0822483,0.240534,-0.96715],[-0.702417,0.702421,0.11496]]],4]],[[0,200,0],[235.247,235.247,147.751]]],[78082,25566276387,[[67,"right",[-0.229635,0.110983,-0.966928],[0.89229,-0.37276,-0.254694],[-54.2802,141.935,-1.29422],[-114.546,49.2167,38.504],[-46.7423,140.4,-4.32418],0.316545,1,0.715705,[[0.0959009,0.943462,-0.317304],[-0.707104,0.288931,0.645386],[0.700576,0.162474,0.694835]],59.4501,[132.938,185.326,223.577],[-43.5428,144.398,48.5431]]],[[670,[0.0465097,-0.0195051,-0.998727],67,48.6241,[-40.2965,98.2011,-38.3499],[-51.6645,101.879,-37.0663],[-170.702,108.972,-40.5966],false,[-44.1572,115.784,48.7066],[-44.1572,115.784,48.7066],[-59.8266,96.7001,9.21866],[-58.3471,96.0796,-22.5517],[-49.8451,103.702,-41.1634],[[[-0.686486,0.725778,0.0445307],[-0.622249,-0.618039,0.480452],[0.376223,0.302114,0.87589]],[[-0.721994,0.690294,-0.047104],[-0.604587,-0.596315,0.528094],[0.336451,0.409759,0.847879]],[[-0.721994,0.690294,-0.047104],[-0.690334,-0.723266,-0.0180228],[-0.0465097,0.0195051,0.998727]],[[-0.721994,0.690294,-0.047104],[-0.57194,-0.633745,-0.520819],[-0.38937,-0.349088,0.852367]]],0],[671,[0.914802,-0.361293,-0.180567],67,54.8668,[5.62275,90.2557,-38.4555],[-4.27051,97.1963,-44.3183],[-179.91,152.799,-180.071],false,[-59.8029,130.624,43.8008],[-70.5141,123.756,-23.6492],[-36.2889,109.796,-39.1561],[-15.6595,101.649,-43.228],[-0.853671,95.884,-44.5167],[[[0.344625,0.926823,-0.149109],[-0.925679,0.36192,0.110143],[0.156049,0.100069,0.982667]],[[0.358862,0.9322,-0.0471296],[-0.377048,0.0985892,-0.920932],[-0.853846,0.348257,0.386864]],[[0.358862,0.9322,-0.0471296],[-0.185352,0.0216844,-0.982433],[-0.914802,0.361293,0.180567]],[[0.358862,0.9322,-0.0471296],[-0.0924095,-0.0147614,-0.995612],[-0.928805,0.361642,0.0808468]]],1],[672,[0.842219,-0.517419,-0.151475],67,62.5164,[15.3326,93.9051,-41.0294],[4.52247,99.8205,-44.2801],[-179.39,159.017,-193.547],false,[-57.4424,141.677,41.7411],[-64.349,143.449,-22.9601],[-29.3477,120.479,-39.3811],[-7.0029,106.751,-43.3999],[8.03498,97.7789,-44.2678],[[[0.515262,0.856452,-0.0315536],[-0.850439,0.515509,0.104897],[0.106105,-0.0272148,0.993982]],[[0.50316,0.855271,-0.123864],[-0.37557,0.0873241,-0.922671],[-0.778317,0.510771,0.365152]],[[0.50316,0.855271,-0.123864],[-0.193642,-0.0281048,-0.98067],[-0.842219,0.517419,0.151475]],[[0.50316,0.855271,-0.123864],[-0.105726,-0.0813314,-0.991064],[-0.857702,0.511759,0.0495014]]],2],[673,[0.806153,-0.555015,-0.205125],67,60.1111,[19.101,112.1,-33.4194],[9.06823,119.353,-40.5323],[-186.452,155.883,-172.824],false,[-52.3611,151.899,40.7085],[-55.0413,161.566,-16.8667],[-22.6211,141.409,-33.6102],[-1.78556,127.064,-38.9118],[12.2846,116.953,-40.8263],[[[0.587894,0.801798,0.107246],[-0.807637,0.574251,0.134007],[0.0458603,-0.165397,0.98516]],[[0.589601,0.782695,0.199396],[-0.217963,0.391896,-0.893817],[-0.777729,0.483535,0.401661]],[[0.589601,0.782695,0.199396],[-0.0498819,0.281686,-0.958209],[-0.806153,0.555015,0.205125]],[[0.589601,0.782695,0.199396],[0.0296971,0.225697,-0.973745],[-0.807148,0.580043,0.109827]]],3],[674,[0.697564,-0.659248,-0.280709],67,47.126,[4.42945,134.192,-31.4643],[0.827435,136.646,-33.6102],[-184.63,140.777,-124.031],false,[-41.3279,159.272,41.1919],[-42.6908,175.826,-10.2947],[-20.6145,157.163,-26.1898],[-7.88523,145.133,-31.3122],[3.35454,134.011,-34.244],[[[0.71456,0.671287,0.196921],[-0.699121,0.675086,0.235563],[0.0251919,-0.305995,0.9517]],[[0.714829,0.667205,0.209419],[-0.202999,0.484558,-0.850879],[-0.669186,0.565722,0.481818]],[[0.714829,0.667205,0.209419],[-0.0492315,0.346742,-0.936668],[-0.697564,0.659248,0.280709]],[[0.714829,0.667205,0.209419],[0.0231944,0.276683,-0.960681],[-0.698914,0.69158,0.182306]]],4]],[[0,200,0],[235.247,235.247,147.751]]],[78083,25566291261,[[67,"right",[-0.28701,0.139793,-0.947672],[0.873791,-0.367224,-0.318805],[-57.0553,143.271,-0.635456],[-144.2,65.946,40.8859],[-47.8743,140.715,-3.91929],0.317176,1,0.727638,[[0.0887187,0.941788,-0.32429],[-0.705273,0.289299,0.647222],[0.703363,0.171292,0.689884]],59.4501,[133.857,187.398,222.301],[-43.3251,144.248,48.5138]]],[[670,[-0.0135689,0.00946015,-0.999863],67,48.6241,[-44.8469,99.8765,-38.11],[-56.7615,104.256,-37.6561],[-240.99,129.364,-40.2892],false,[-44.0458,115.643,47.8814],[-44.0458,115.643,47.8814],[-62.1278,97.7538,8.86831],[-62.5594,98.0547,-22.9382],[-55.1822,106.174,-41.8178],[[[-0.679576,0.725765,0.106967],[-0.594704,-0.630391,0.498934],[0.42954,0.27545,0.860013]],[[-0.720813,0.692938,0.0163381],[-0.574186,-0.610156,0.545912],[0.388252,0.384119,0.837683]],[[-0.720813,0.692938,0.0163381],[-0.692997,-0.720936,0.00258339],[0.0135689,-0.00946015,0.999863]],[[-0.720813,0.692938,0.0163381],[-0.605212,-0.617719,-0.502137],[-0.337858,-0.371835,0.864633]]],0],[671,[0.900577,-0.357936,-0.246662],67,54.8668,[3.40556,91.6052,-39.7951],[-9.92442,99.7002,-47.9145],[-262.408,159.177,-206.219],false,[-59.8977,130.658,44.3624],[-74.6808,125.793,-22.4897],[-41.5245,112.219,-40.4649],[-21.2158,104.148,-46.0274],[-6.54006,98.3885,-48.3858],[[[0.338812,0.929984,-0.142601],[-0.915872,0.360701,0.176278],[0.215372,0.0708791,0.973956]],[[0.35921,0.932336,-0.0414375],[-0.432134,0.12681,-0.892849],[-0.827181,0.338627,0.448445]],[[0.35921,0.932336,-0.0414375],[-0.244804,0.0512859,-0.968215],[-0.900577,0.357936,0.246662]],[[0.35921,0.932336,-0.0414375],[-0.152912,0.0149968,-0.988126],[-0.920645,0.361281,0.147952]]],1],[672,[0.829983,-0.5147,-0.21497],67,62.5164,[13.3954,94.9019,-41.8523],[-1.09797,102.301,-48.2183],[-260.428,162.102,-222.037],false,[-57.6202,141.761,42.4865],[-68.4048,145.443,-21.6011],[-34.5353,122.887,-40.7435],[-12.5151,109.231,-46.4469],[2.41392,100.255,-48.4331],[[[0.515931,0.855802,-0.0376524],[-0.840456,0.514202,0.170972],[0.165679,-0.0565645,0.984556]],[[0.49844,0.85737,-0.128349],[-0.429331,0.115503,-0.895731],[-0.753148,0.501573,0.425667]],[[0.49844,0.85737,-0.128349],[-0.250371,0.000622195,-0.96815],[-0.829983,0.5147,0.21497]],[[0.49844,0.85737,-0.128349],[-0.16284,-0.0528229,-0.985238],[-0.851493,0.511983,0.113285]]],2],[673,[0.790174,-0.551042,-0.268285],67,60.1111,[16.3145,113.82,-35.3461],[3.72449,121.684,-44.2208],[-257.277,155.939,-203.277],false,[-52.5685,151.997,41.4471],[-58.6726,163.352,-15.5559],[-27.4004,143.611,-34.7931],[-6.97777,129.369,-41.7271],[6.91081,119.278,-44.7527],[[[0.596568,0.796936,0.0948628],[-0.795737,0.571966,0.199143],[0.104446,-0.194288,0.975368]],[[0.603738,0.775179,0.186005],[-0.26965,0.418154,-0.867431],[-0.750193,0.473545,0.461482]],[[0.603738,0.775179,0.186005],[-0.105472,0.30895,-0.945212],[-0.790174,0.551042,0.268285]],[[0.603738,0.775179,0.186005],[-0.0268699,0.252983,-0.967097],[-0.796729,0.578876,0.173565]]],3],[674,[0.676797,-0.6529,-0.3401],67,47.126,[-1.51471,137.341,-34.8164],[-4.01569,138.781,-36.3193],[-242.507,141.622,-147.327],false,[-41.4962,159.326,41.4782],[-45.8904,177.385,-9.32891],[-24.8868,159.128,-27.0454],[-12.5365,147.214,-33.2516],[-1.53815,136.149,-37.1536],[[[0.72787,0.66356,0.172897],[-0.680887,0.669528,0.296857],[0.0812235,-0.333797,0.939139]],[[0.728828,0.659339,0.184612],[-0.251921,0.508939,-0.823114],[-0.636668,0.553401,0.53703]],[[0.728828,0.659339,0.184612],[-0.103708,0.372819,-0.92209],[-0.676797,0.652899,0.3401]],[[0.728828,0.659339,0.184612],[-0.0329586,0.303096,-0.95239],[-0.683903,0.688044,0.242636]]],4]],[[0,200,0],[235.247,235.247,147.751]]],[78084,25566305961,[[67,"right",[-0.346609,0.163846,-0.923589],[0.849343,-0.363058,-0.383153],[-60.5301,144.675,0.00749183],[-181.816,77.9996,42.0497],[-50.0457,141.395,-3.24555],0.318871,1,0.766717,[[0.0845282,0.938984,-0.333412],[-0.699622,0.294186,0.651141],[0.709496,0.178222,0.681801]],59.4501,[135.068,189.302,219.929],[-43.6595,144.407,48.1783]]],[[670,[-0.0770543,0.0332214,-0.996473],67,48.6241,[-52.9644,102.873,-37.9311],[-62.8184,106.524,-37.8824],[-309.816,138.633,-30.4201],false,[-44.5831,115.829,46.9119],[-44.5831,115.829,46.9119],[-65.2033,98.9339,8.72315],[-67.6545,99.9907,-22.9755],[-61.4812,108.499,-42.114],[[[-0.667118,0.725799,0.16784],[-0.564953,-0.639774,0.521074],[0.485575,0.252796,0.836846]],[[-0.71471,0.695009,0.0784373],[-0.541442,-0.620778,0.566988],[0.442754,0.362762,0.819983]],[[-0.71471,0.695009,0.0784373],[-0.695164,-0.718233,0.0298098],[0.0770543,-0.0332214,0.996473]],[[-0.71471,0.695009,0.0784373],[-0.639733,-0.604261,-0.474983],[-0.282721,-0.389654,0.876492]]],0],[671,[0.880641,-0.355595,-0.313088],67,54.8668,[-1.4401,94.1179,-42.5313],[-16.7994,102.066,-51.256],[-346.214,159.881,-215.256],false,[-60.5425,130.99,44.7815],[-79.6255,127.803,-21.0751],[-47.7848,114.534,-41.4902],[-27.9257,106.515,-48.5505],[-13.4665,100.753,-51.9919],[[[0.334247,0.931736,-0.14194],[-0.900547,0.360156,0.243521],[0.278018,0.0464274,0.959453]],[[0.361131,0.931557,-0.0422579],[-0.488443,0.15036,-0.859543],[-0.79436,0.331048,0.509313]],[[0.361131,0.931557,-0.0422579],[-0.306687,0.0758517,-0.948783],[-0.880641,0.355595,0.313088]],[[0.361131,0.931557,-0.0422579],[-0.216382,0.0396319,-0.975504],[-0.907063,0.361428,0.215884]]],1],[672,[0.810668,-0.512729,-0.282712],67,62.5164,[9.13795,96.8475,-43.8746],[-8.0298,104.648,-52.1507],[-347.094,161.091,-243.15],false,[-58.327,142.125,43.0278],[-73.193,147.399,-20.1249],[-40.8033,125.191,-42.0346],[-19.2955,111.588,-49.5352],[-4.58743,102.598,-52.7373],[[[0.517326,0.854301,-0.0504299],[-0.824752,0.513424,0.237024],[0.228382,-0.0810265,0.970194]],[[0.494176,0.858132,-0.139281],[-0.486868,0.140448,-0.86211],[-0.720243,0.493846,0.487203]],[[0.494176,0.858132,-0.139281],[-0.314018,0.026799,-0.949039],[-0.810668,0.512729,0.282712]],[[0.494176,0.858132,-0.139281],[-0.228139,-0.0265889,-0.973266],[-0.838894,0.51274,0.182633]]],2],[673,[0.768333,-0.548183,-0.330394],67,60.1111,[11.1018,116.536,-38.7076],[-2.79655,123.869,-47.8514],[-332.846,152.607,-220.488],false,[-53.2941,152.362,41.9092],[-62.9896,165.116,-14.2946],[-33.1256,145.702,-35.9494],[-13.2675,131.534,-44.4886],[0.342261,121.453,-48.6138],[[[0.605987,0.791915,0.0751683],[-0.777983,0.570303,0.263622],[0.165898,-0.218231,0.961693]],[[0.618868,0.767976,0.164969],[-0.322116,0.439674,-0.838408],[-0.71641,0.465725,0.519478]],[[0.618868,0.767976,0.164969],[-0.163301,0.331221,-0.929314],[-0.768333,0.548183,0.330394]],[[0.618868,0.767976,0.164969],[-0.0863313,0.275248,-0.957489],[-0.780736,0.578317,0.236643]]],3],[674,[0.649995,-0.648011,-0.396974],67,47.126,[-7.4517,139.699,-37.7427],[-9.91958,140.798,-39.0702],[-307.171,139.398,-162.821],false,[-42.201,159.643,41.4009],[-49.753,178.941,-8.57205],[-30.0351,161.008,-28.0126],[-18.1739,149.183,-35.2566],[-7.50938,138.16,-40.0923],[[[0.741275,0.656145,0.14137],[-0.656525,0.664996,0.356025],[0.139593,-0.356726,0.923721]],[[0.74283,0.652003,0.151976],[-0.301604,0.528577,-0.793499],[-0.597695,0.543598,0.589289]],[[0.74283,0.652003,0.151976],[-0.160346,0.393667,-0.90516],[-0.649995,0.648011,0.396974]],[[0.74283,0.652003,0.151976],[-0.0918818,0.324145,-0.941535],[-0.663145,0.685436,0.300691]]],4]],[[0,200,0],[235.247,235.247,147.751]]],[78085,25566318898,[[67,"right",[-0.405646,0.181099,-0.89591],[0.821492,-0.357519,-0.44422],[-64.0568,145.77,0.978032],[-215.371,80.4654,54.2363],[-53.086,142.344,-2.32908],0.320068,1,0.796443,[[0.0897601,0.935474,-0.341806],[-0.699763,0.303445,0.646725],[0.708713,0.181133,0.681848]],59.4501,[134.45,190.232,219.695],[-44.0806,144.603,47.9324]]],[[670,[-0.141446,0.0504361,-0.98866],67,48.6241,[-62.3474,106.021,-37.5128],[-68.9074,108.26,-37.3719],[-368.56,135.933,-5.05034],false,[-45.167,116.054,46.217],[-45.167,116.054,46.217],[-68.2449,99.8589,9.14759],[-72.7444,101.463,-22.3025],[-67.8363,110.266,-41.6729],[[[-0.652657,0.723781,0.224009],[-0.531596,-0.648124,0.545289],[0.539855,0.236805,0.807762]],[[-0.706553,0.694369,0.136508],[-0.505212,-0.630022,0.589773],[0.495524,0.34774,0.795948]],[[-0.706553,0.694369,0.136508],[-0.69338,-0.717849,0.06258],[0.141446,-0.0504361,0.98866]],[[-0.706553,0.694369,0.136508],[-0.671013,-0.596108,-0.440905],[-0.224777,-0.403121,0.887113]]],0],[671,[0.857326,-0.35138,-0.376197],67,54.8668,[-8.95111,97.4369,-46.2807],[-23.8863,104.02,-53.7858],[-420.627,156.595,-207.988],false,[-61.1877,131.278,45.4049],[-84.5352,129.315,-19.1122],[-54.1334,116.362,-41.798],[-34.8,108.438,-50.2816],[-20.6124,102.715,-54.761],[[[0.326955,0.933579,-0.146733],[-0.881704,0.357228,0.308199],[0.340146,0.0286077,0.939938]],[[0.360278,0.931554,-0.0490552],[-0.543079,0.166698,-0.822969],[-0.758463,0.323138,0.565965]],[[0.360278,0.931554,-0.0490552],[-0.367685,0.0934789,-0.92524],[-0.857326,0.35138,0.376197]],[[0.360278,0.931554,-0.0490552],[-0.279385,0.0575802,-0.958451],[-0.890025,0.359014,0.281007]]],1],[672,[0.788269,-0.508823,-0.346021],67,62.5164,[2.32153,99.5896,-47.0485],[-15.2277,106.615,-55.2848],[-425.056,157.777,-244.736],false,[-59.0593,142.44,43.7102],[-77.998,148.88,-18.2328],[-47.2154,127.029,-42.6731],[-26.3019,113.53,-51.8533],[-11.87,104.574,-56.2022],[[[0.51539,0.854192,-0.068771],[-0.806053,0.510459,0.299517],[0.29095,-0.098935,0.951609]],[[0.486515,0.859667,-0.155808],[-0.542912,0.157757,-0.824839],[-0.684507,0.485887,0.543474]],[[0.486515,0.859667,-0.155808],[-0.376742,0.0455257,-0.925199],[-0.788269,0.508823,0.346021]],[[0.486515,0.859667,-0.155808],[-0.29282,-0.00757595,-0.956138],[-0.82314,0.510799,0.248042]]],2],[673,[0.743692,-0.543639,-0.389075],67,60.1111,[3.7689,119.754,-42.955],[-9.62321,125.725,-50.8893],[-404.454,149.037,-225.666],false,[-54.0807,152.687,42.449],[-67.3851,166.471,-12.7643],[-39.0508,147.396,-36.6602],[-19.8295,133.346,-46.7161],[-6.5449,123.314,-51.8883],[[[0.611876,0.789395,0.0496338],[-0.757485,0.566769,0.324021],[0.22765,-0.235857,0.944747]],[[0.630506,0.763838,0.137892],[-0.374765,0.455158,-0.807702],[-0.679716,0.457584,0.573239]],[[0.630506,0.763838,0.137892],[-0.222227,0.347863,-0.910827],[-0.743692,0.543639,0.389075]],[[0.630506,0.763838,0.137892],[-0.147278,0.292159,-0.944962],[-0.762084,0.575496,0.296704]]],3],[674,[0.621347,-0.642865,-0.447943],67,47.126,[-13.2934,141.481,-40.0584],[-16.0992,142.47,-41.3088],[-369.68,134.995,-165.507],false,[-43.0235,159.956,41.3484],[-53.7637,180.168,-7.67116],[-35.3949,162.52,-28.6344],[-24.0565,150.789,-36.8086],[-13.7545,139.823,-42.4864],[[[0.750802,0.652221,0.10442],[-0.629987,0.65957,0.409981],[0.198526,-0.373598,0.906097]],[[0.752843,0.648266,0.113919],[-0.350997,0.541823,-0.763695],[-0.556801,0.534957,0.635447]],[[0.752843,0.648266,0.113919],[-0.217152,0.408014,-0.886775],[-0.621347,0.642865,0.447943]],[[0.752843,0.648266,0.113919],[-0.151197,0.338776,-0.928639],[-0.640598,0.681896,0.353061]]],4]],[[0,200,0],[235.247,235.247,147.751]]],[78086,25566331143,[[67,"right",[-0.464404,0.194711,-0.863954],[0.788009,-0.354377,-0.503448],[-67.4108,146.456,2.22994],[-236.085,71.8035,71.2226],[-56.9179,143.444,-1.10951],0.321482,1,0.821081,[[0.10062,0.934175,-0.342334],[-0.690793,0.31322,0.651688],[0.716017,0.170909,0.676838]],59.4501,[136.055,187.632,218.208],[-44.3149,144.579,47.7071]]],[[670,[-0.207576,0.0629845,-0.976189],67,48.6241,[-71.7084,108.485,-36.4615],[-74.9955,109.421,-36.22],[-413.45,120.17,29.3757],false,[-45.6426,116.06,45.6889],[-45.6426,116.06,45.6889],[-71.1968,100.424,10.0305],[-77.8,102.428,-21.023],[-74.2047,111.431,-40.5884],[[[-0.63279,0.722994,0.277229],[-0.49646,-0.653576,0.571285],[0.594226,0.22387,0.772514]],[[-0.693233,0.694606,0.192225],[-0.467291,-0.636248,0.613863],[0.548696,0.335725,0.765651]],[[-0.693233,0.694606,0.192225],[-0.690174,-0.716628,0.100521],[0.207576,-0.0629845,0.976189]],[[-0.693233,0.694606,0.192225],[-0.701652,-0.589517,-0.400193],[-0.164656,-0.412302,0.896044]]],0],[671,[0.828286,-0.349279,-0.438118],67,54.8668,[-19.4059,101.14,-50.6753],[-31.226,105.313,-55.6857],[-483.951,138.527,-189.572],false,[-61.6131,131.351,46.1642],[-89.2727,130.348,-16.6478],[-60.5423,117.599,-41.5216],[-41.8638,109.722,-51.4015],[-28.0373,104.01,-56.9064],[[[0.32048,0.934315,-0.156041],[-0.857269,0.35615,0.371815],[0.402966,0.01461,0.915098]],[[0.360259,0.930855,-0.0610118],[-0.597047,0.179827,-0.781791],[-0.716762,0.318074,0.620549]],[[0.360259,0.930855,-0.0610118],[-0.429134,0.107301,-0.896845],[-0.828286,0.349279,0.438118]],[[0.360259,0.930855,-0.0610118],[-0.343323,0.0714914,-0.936493],[-0.867377,0.358327,0.345339]]],1],[672,[0.760666,-0.506849,-0.405576],67,62.5164,[-7.63174,102.911,-51.2831],[-22.6763,107.9,-57.7355],[-489.939,139.099,-229.401],false,[-59.554,142.527,44.4785],[-82.6034,149.876,-15.9516],[-53.649,128.256,-42.7204],[-33.4678,114.809,-53.4807],[-19.4049,105.862,-58.9189],[[[0.513392,0.853202,-0.0920573],[-0.781692,0.509214,0.360082],[0.3541,-0.112903,0.928367]],[[0.478844,0.859953,-0.176603],[-0.596792,0.171326,-0.783892],[-0.643854,0.480758,0.595252]],[[0.478844,0.859953,-0.176603],[-0.438288,0.0598715,-0.896839],[-0.760666,0.506849,0.405576]],[[0.478844,0.859953,-0.176603],[-0.356863,0.00687352,-0.934132],[-0.802095,0.510327,0.310177]]],2],[673,[0.713593,-0.541382,-0.444624],67,60.1111,[-5.82963,123.062,-47.7798],[-16.6822,126.903,-53.4172],[-464.802,130.058,-218.511],false,[-54.6261,152.772,43.0204],[-71.5667,167.353,-10.979],[-44.9909,148.494,-36.9739],[-26.5476,134.501,-48.4656],[-13.6821,124.485,-54.6328],[[[0.617362,0.786457,0.0186822],[-0.731328,0.565012,0.381996],[0.289868,-0.249493,0.923975]],[[0.641738,0.759716,0.104903],[-0.426294,0.467062,-0.774678],[-0.637531,0.452421,0.623594]],[[0.641738,0.759716,0.104903],[-0.280996,0.36019,-0.889553],[-0.713593,0.541383,0.444624]],[[0.641738,0.759716,0.104903],[-0.208506,0.304463,-0.929423],[-0.738037,0.574573,0.353791]]],3],[674,[0.586996,-0.639303,-0.496717],67,47.126,[-19.4787,142.781,-42.0962],[-22.4264,143.537,-43.211],[-421.