{"metadata":{"formatVersion":2,"generatedBy":"LeapJS Playback 0.2.1","frames":100,"protocolVersion":6,"serviceVersion":"2.3.1+31549","frameRate":"48","modified":"Sat Sep 19 2015 23:03:50 GMT-0400 (EDT)"},"frames":[["id","timestamp",{"hands":[["id","type","direction","palmNormal","palmPosition","palmVelocity","stabilizedPalmPosition","pinchStrength","grabStrength","confidence","armBasis","armWidth","elbow","wrist"]]},{"pointables":[["id","direction","handId","length","stabilizedTipPosition","tipPosition","tipVelocity","tool","carpPosition","mcpPosition","pipPosition","dipPosition","btipPosition","bases","type"]]},{"interactionBox":["center","size"]}],[44902,787339658,[[49,"right",[0.068902,0.0929142,-0.993287],[-0.174225,-0.979232,-0.103685],[2.26518,85.7042,29.7634],[2.00414,1.26682,0.728411],[-1.25344,90.8031,30.5541],0.0135659,0.203019,0.904793,[[0.980234,-0.182744,0.0757991],[0.173355,0.978,0.116034],[-0.095336,-0.1006,0.990349]],57.6505,[-16.9345,59.1745,320.975],[6.35438,83.7493,79.0508]]],[[490,[0.122594,-0.0531013,-0.991035],49,47.1521,[-35.5232,96.5941,-0.334309],[-33.9075,92.2126,-4.28759],[2.38616,0.860085,-0.00870168],false,[-20.8972,78.5411,79.7901],[-20.8972,78.5411,79.7901],[-40.1457,94.7056,42.2684],[-36.3639,93.0675,11.697],[-33.5605,91.7837,-9.25164],[[[0.564548,0.82147,-0.0804477],[-0.739517,0.546689,0.392742],[0.366606,-0.162229,0.916123]],[[0.605159,0.795451,0.0322384],[-0.672409,0.489033,0.555619],[0.426203,-0.357916,0.830811]],[[0.605159,0.795451,0.0322384],[-0.786608,0.603686,-0.129652],[-0.122594,0.0531013,0.991035]],[[0.605159,0.795451,0.0322384],[-0.785018,0.602977,-0.142006],[-0.132398,0.0606283,0.989341]]],0],[491,[-0.0992352,-0.058919,-0.993318],49,53.2059,[-26.747,112.541,-58.8932],[-22.1751,104.117,-60.0991],[1.41882,0.733537,-1.02683],false,[-9.98008,95.4491,72.3824],[-18.0857,93.8013,6.33645],[-18.3688,111.181,-28.4307],[-20.5389,109.892,-50.1527],[-23.0239,101.885,-63.1393],[[[0.979916,-0.162041,-0.11622],[0.157908,0.986473,-0.0439923],[0.121776,0.0247567,0.992249]],[[0.982919,-0.161291,-0.0886292],[0.183894,0.879811,0.438309],[0.00728145,-0.447121,0.894444]],[[0.982919,-0.161291,-0.0886292],[0.154992,0.985147,-0.0739184],[0.0992352,0.058919,0.993318]],[[0.982919,-0.161291,-0.0886292],[0.0895897,0.840012,-0.53512],[0.16076,0.518039,0.840114]]],1],[492,[-0.15608,-0.0186874,-0.987568],49,60.6239,[-10.315,115.147,-66.7787],[-4.38478,106.737,-66.7955],[4.07119,1.03802,-0.974161],false,[0.997453,95.1694,70.505],[1.83487,92.1336,7.46121],[3.43743,113.248,-30.6621],[-0.578155,112.767,-56.07],[-5.59253,104.466,-70.0352],[[[0.945986,-0.322986,0.028119],[0.323936,0.945181,-0.041212],[-0.0132666,0.0480947,0.998755]],[[0.934554,-0.326465,-0.141524],[0.353918,0.81179,0.464477],[-0.0367481,-0.484167,0.874204]],[[0.934554,-0.326465,-0.141524],[0.319762,0.945025,-0.068419],[0.15608,0.0186874,0.987568]],[[0.934554,-0.326465,-0.141524],[0.199062,0.809369,-0.552536],[0.294928,0.488203,0.821386]]],2],[493,[-0.0057215,-0.0519686,-0.998632],49,58.2915,[22.0363,99.3492,-58.7072],[25.707,97.3311,-57.9602],[3.20927,1.63986,0.345946],false,[11.7341,92.3313,70.0411],[20.8557,88.0282,14.2724],[28.5178,104.731,-21.7328],[28.3744,103.429,-46.7618],[25.2279,95.4394,-61.3228],[[[0.906593,-0.382715,0.177814],[0.390107,0.920741,-0.00723861],[-0.16095,0.0759288,0.984038]],[[0.920704,-0.389973,0.0150191],[0.341141,0.822912,0.454355],[-0.189546,-0.413203,0.890694]],[[0.920704,-0.389973,0.0150191],[0.39022,0.919359,-0.0500789],[0.0057215,0.0519686,0.998632]],[[0.920704,-0.389973,0.0150191],[0.343013,0.790279,-0.507741],[0.186136,0.47263,0.861379]]],3],[494,[-0.0278661,-0.140295,-0.989718],49,45.6994,[36.465,87.978,-36.0955],[41.0985,82.5191,-34.0576],[3.97868,0.793436,0.653679],false,[20.9714,83.5754,71.9938],[36.8379,80.3653,22.0918],[45.0467,91.1544,-6.88476],[44.5536,88.6718,-24.3986],[40.2605,80.3943,-36.8988],[[[0.804869,-0.518192,0.289246],[0.510604,0.853073,0.107472],[-0.302439,0.0611889,0.951203]],[[0.854249,-0.51752,0.0493079],[0.452124,0.786405,0.420893],[-0.256597,-0.337255,0.905769]],[[0.854249,-0.51752,0.0493079],[0.519116,0.844091,-0.134268],[0.0278661,0.140295,0.989718]],[[0.854249,-0.51752,0.0493079],[0.440992,0.671153,-0.595886],[0.27529,0.53078,0.801554]]],4]],[[0,200,0],[235.247,235.247,147.751]]],[44903,787374823,[[49,"right",[0.0690353,0.0928264,-0.993286],[-0.173939,-0.979291,-0.103608],[2.30586,85.7398,29.815],[1.39852,1.08539,1.25515],[-1.22063,90.7564,30.5473],0.0131745,0.2019,0.909879,[[0.980271,-0.182473,0.0759756],[0.173047,0.97803,0.11624],[-0.0955172,-0.1008,0.990311]],57.6505,[-16.9454,59.1678,321.018],[6.38771,83.7913,79.1031]]],[[490,[0.123121,-0.0531731,-0.990966],49,47.1521,[-35.505,96.5357,-0.386903],[-33.851,92.2292,-4.24208],[2.32956,0.661693,1.08577],false,[-20.8626,78.5757,79.8387],[-20.8626,78.5757,79.8387],[-40.1063,94.7424,42.3155],[-36.3083,93.1021,11.7462],[-33.4718,91.8,-9.19681],[[[0.564335,0.821617,-0.0804457],[-0.73973,0.546527,0.392565],[0.366504,-0.16203,0.916199]],[[0.60501,0.795555,0.032481],[-0.67261,0.488829,0.555556],[0.426098,-0.357964,0.830844]],[[0.60501,0.795555,0.032481],[-0.786641,0.603543,-0.13012],[-0.123121,0.0531731,0.990966]],[[0.60501,0.795555,0.032481],[-0.784868,0.602752,-0.143777],[-0.133961,0.0614932,0.989077]]],0],[491,[-0.099336,-0.0585207,-0.993332],49,53.2059,[-26.6907,112.426,-58.9092],[-22.1482,104.131,-60.065],[0.942362,0.834557,0.297107],false,[-9.9489,95.4859,72.4309],[-18.0435,93.8288,6.38385],[-18.3414,111.189,-28.3927],[-20.5137,109.91,-50.115],[-22.9971,101.919,-63.1128],[[[0.979979,-0.161784,-0.116046],[0.157644,0.986512,-0.0440731],[0.121611,0.0248968,0.992266]],[[0.982944,-0.161041,-0.0888097],[0.183746,0.880107,0.437778],[0.00766181,-0.446629,0.894686]],[[0.982944,-0.161041,-0.0888097],[0.15477,0.985211,-0.0735198],[0.099336,0.0585207,0.993332]],[[0.982944,-0.161041,-0.0888097],[0.089505,0.840767,-0.533947],[0.160656,0.516891,0.840841]]],1],[492,[-0.155695,-0.0186533,-0.987629],49,60.6239,[-10.2071,114.988,-66.7791],[-4.33281,106.744,-66.7631],[2.29144,0.580847,0.19344],false,[1.02901,95.2091,70.5553],[1.87735,92.1667,7.51198],[3.47484,113.251,-30.6283],[-0.53084,112.771,-56.0377],[-5.53446,104.484,-70.0147],[[[0.94607,-0.322723,0.028305],[0.323683,0.945265,-0.0412618],[-0.0134396,0.0481984,0.998747]],[[0.934689,-0.326224,-0.141188],[0.353574,0.8123,0.463848],[-0.0366318,-0.483474,0.874592]],[[0.934689,-0.326224,-0.141188],[0.319555,0.945108,-0.0682265],[0.155695,0.0186534,0.987629]],[[0.934689,-0.326224,-0.141188],[0.199364,0.809939,-0.551592],[0.294296,0.487419,0.822078]]],2],[493,[-0.00561778,-0.0519206,-0.998635],49,58.2915,[22.1621,99.2843,-58.6826],[25.7578,97.3601,-57.916],[1.7341,1.05428,0.876303],false,[11.7665,92.3739,70.0934],[20.8982,88.0673,14.3266],[28.5497,104.752,-21.6893],[28.4089,103.451,-46.7185],[25.2699,95.4704,-61.2861],[[[0.90667,-0.382446,0.178],[0.389855,0.920848,-0.0072752],[-0.161128,0.0759903,0.984004]],[[0.92081,-0.38972,0.0150821],[0.341,0.823261,0.453828],[-0.189282,-0.412747,0.890961]],[[0.92081,-0.38972,0.0150821],[0.389971,0.919469,-0.0499983],[0.00561778,0.0519206,0.998635]],[[0.92081,-0.38972,0.0150821],[0.342969,0.790727,-0.507073],[0.18569,0.47209,0.861771]]],3],[494,[-0.0274077,-0.140579,-0.98969],49,45.6994,[36.579,87.8447,-36.0456],[41.1603,82.5395,-34.0061],[2.3778,0.605758,1.11018],false,[21.0059,83.6207,72.0485],[36.8813,80.4096,22.1495],[45.0905,91.1762,-6.83537],[44.6055,88.6886,-24.3487],[40.3244,80.4136,-36.8546],[[[0.804965,-0.517939,0.28943],[0.510352,0.853225,0.107462],[-0.302608,0.061208,0.951148]],[[0.854352,-0.517301,0.0498196],[0.451922,0.78685,0.420278],[-0.256611,-0.336551,0.906027]],[[0.854352,-0.517301,0.0498196],[0.518971,0.844178,-0.134282],[0.0274077,0.140579,0.98969]],[[0.854352,-0.517301,0.0498196],[0.441271,0.671447,-0.595347],[0.274523,0.53062,0.801922]]],4]],[[0,200,0],[235.247,235.247,147.751]]],[44904,787384259,[[49,"right",[0.0690687,0.0928045,-0.993286],[-0.173868,-0.979306,-0.103588],[2.31603,85.7487,29.8279],[1.30704,1.04509,1.28687],[-1.21257,90.745,30.5456],0.0130017,0.201561,0.910123,[[0.98028,-0.182405,0.0760198],[0.17297,0.978038,0.116292],[-0.0955625,-0.10085,0.990302]],57.6505,[-16.9481,59.1661,321.029],[6.39605,83.8018,79.1163]]],[[490,[0.123194,-0.0532095,-0.990955],49,47.1521,[-35.5004,96.521,-0.400093],[-33.8393,92.232,-4.23082],[2.12925,0.550501,1.16189],false,[-20.8539,78.5844,79.8509],[-20.8539,78.5844,79.8509],[-40.0979,94.7494,42.327],[-36.2977,93.108,11.7582],[-33.455,91.8016,-9.1838],[[[0.564282,0.821653,-0.0804452],[-0.739783,0.546487,0.392521],[0.366478,-0.16198,0.916218]],[[0.604955,0.795597,0.0324871],[-0.672656,0.488788,0.555536],[0.426104,-0.357927,0.830857]],[[0.604955,0.795597,0.0324871],[-0.786672,0.603485,-0.130202],[-0.123194,0.0532095,0.990955]],[[0.604955,0.795597,0.0324871],[-0.784861,0.602677,-0.144133],[-0.134251,0.061696,0.989025]]],0],[491,[-0.0993846,-0.0582983,-0.99334],49,53.2059,[-26.6758,112.396,-58.9134],[-22.1435,104.137,-60.0574],[0.809977,0.991222,0.393417],false,[-9.9411,95.4952,72.4431],[-18.033,93.8356,6.39571],[-18.3359,111.192,-28.383],[-20.5092,109.917,-50.1055],[-22.9925,101.934,-63.1079],[[[0.979995,-0.16172,-0.116002],[0.157578,0.986522,-0.0440933],[0.121569,0.0249319,0.99227]],[[0.982946,-0.16098,-0.0888969],[0.183729,0.880176,0.437646],[0.00779274,-0.446516,0.894742]],[[0.982946,-0.16098,-0.0888969],[0.154725,0.985234,-0.073303],[0.0993846,0.0582983,0.99334]],[[0.982946,-0.16098,-0.0888969],[0.0894989,0.841074,-0.533464],[0.160646,0.516411,0.841138]]],1],[492,[-0.155603,-0.0186563,-0.987643],49,60.6239,[-10.1787,114.946,-66.7792],[-4.32004,106.745,-66.7551],[2.04713,0.496636,0.31082],false,[1.03691,95.219,70.5679],[1.88798,92.175,7.52468],[3.484,113.251,-30.62],[-0.519318,112.771,-56.0299],[-5.5203,104.487,-70.0097],[[[0.946091,-0.322657,0.0283515],[0.32362,0.945287,-0.0412743],[-0.0134829,0.0482243,0.998746]],[[0.934723,-0.326164,-0.141104],[0.353488,0.812432,0.463681],[-0.0365983,-0.483292,0.874694]],[[0.934723,-0.326164,-0.141104],[0.319501,0.945129,-0.0681906],[0.155603,0.0186563,0.987643]],[[0.934723,-0.326164,-0.141104],[0.199436,0.810075,-0.551365],[0.294141,0.487232,0.822244]]],2],[493,[-0.00559957,-0.0518779,-0.998638],49,58.2915,[22.1926,99.2686,-58.6766],[25.7701,97.3681,-57.9053],[1.51651,1.01389,0.896948],false,[11.7746,92.3845,70.1065],[20.9088,88.077,14.3402],[28.5569,104.757,-21.6787],[28.4166,103.457,-46.7078],[25.2796,95.4797,-61.2776],[[[0.906689,-0.382379,0.178046],[0.389792,0.920874,-0.00728435],[-0.161173,0.0760057,0.983995]],[[0.920837,-0.389657,0.0150788],[0.340975,0.823349,0.453688],[-0.189198,-0.412631,0.891033]],[[0.920837,-0.389657,0.0150788],[0.389908,0.919498,-0.049953],[0.00559957,0.0518779,0.998638]],[[0.920837,-0.389657,0.0150788],[0.342961,0.79087,-0.506855],[0.185574,0.471902,0.861899]]],3],[494,[-0.0273088,-0.140631,-0.989685],49,45.6994,[36.6072,87.8119,-36.0333],[41.1751,82.5455,-33.9931],[2.13704,0.613445,1.14454],false,[21.0145,83.632,72.0622],[36.8921,80.4207,22.1639],[45.1012,91.1826,-6.82277],[44.6179,88.694,-24.336],[40.3395,80.4197,-36.8433],[[[0.804989,-0.517876,0.289476],[0.510289,0.853263,0.10746],[-0.30265,0.0612127,0.951134]],[[0.85438,-0.517245,0.0499238],[0.451872,0.786951,0.420143],[-0.256604,-0.336403,0.906084]],[[0.85438,-0.517245,0.0499238],[0.51893,0.844204,-0.134278],[0.0273088,0.140631,0.989685]],[[0.85438,-0.517245,0.0499238],[0.441325,0.671527,-0.595218],[0.274348,0.530575,0.802012]]],4]],[[0,200,0],[235.247,235.247,147.751]]],[44905,787439384,[[49,"right",[0.0688581,0.0923588,-0.993342],[-0.17382,-0.979365,-0.103108],[2.304,85.7602,29.901],[-0.00482899,0.325788,1.32182],[-1.20561,90.7351,30.5444],0.0122299,0.199897,0.930213,[[0.980292,-0.182332,0.0760416],[0.172878,0.978033,0.116469],[-0.0956073,-0.101028,0.990279]],57.6505,[-16.9608,59.1568,321.097],[6.39427,83.836,79.1895]]],[[490,[0.123351,-0.0536427,-0.990912],49,47.1521,[-35.4935,96.4995,-0.418806],[-33.8366,92.21,-4.14987],[0.874487,-0.272185,1.60016],false,[-20.8552,78.617,79.9321],[-20.8552,78.617,79.9321],[-40.1068,94.7769,42.4099],[-36.3017,93.1221,11.8424],[-33.4058,91.7683,-9.08929],[[[0.564208,0.821656,-0.0809339],[-0.739741,0.546613,0.392425],[0.366678,-0.161539,0.916216]],[[0.604982,0.795586,0.0322406],[-0.672525,0.488888,0.555607],[0.426271,-0.357815,0.83082]],[[0.604982,0.795586,0.0322406],[-0.786627,0.603461,-0.130589],[-0.123351,0.0536427,0.990912]],[[0.604982,0.795586,0.0322406],[-0.784406,0.602457,-0.147486],[-0.136761,0.0639365,0.988539]]],0],[491,[-0.0998832,-0.0576441,-0.993328],49,53.2059,[-26.6355,112.313,-58.9246],[-22.2038,104.114,-60.0028],[-0.810175,0.248626,0.809502],false,[-9.94507,95.5251,72.5143],[-18.0504,93.8351,6.4694],[-18.3804,111.164,-28.3228],[-20.5647,109.903,-50.045],[-23.0529,101.947,-63.0631],[[[0.979983,-0.161704,-0.11613],[0.157499,0.986513,-0.0445732],[0.121771,0.0253905,0.992233]],[[0.982894,-0.160965,-0.089493],[0.183975,0.880538,0.436813],[0.00849044,-0.445805,0.89509]],[[0.982894,-0.160965,-0.089493],[0.154732,0.985275,-0.0727358],[0.0998832,0.0576441,0.993328]],[[0.982894,-0.160965,-0.089493],[0.0894991,0.842152,-0.531761],[0.160962,0.514655,0.842153]]],1],[492,[-0.155535,-0.0188901,-0.98765],49,60.6239,[-10.1314,114.876,-66.7789],[-4.34878,106.699,-66.7047],[-0.0801325,-0.511308,0.711009],false,[1.03257,95.2489,70.637],[1.87091,92.1763,7.59503],[3.45547,113.213,-30.5719],[-0.546104,112.727,-55.9819],[-5.54282,104.452,-69.9684],[[[0.94612,-0.322578,0.0283035],[0.323545,0.945291,-0.0417695],[-0.0132811,0.0486764,0.998726]],[[0.934744,-0.326164,-0.140965],[0.35346,0.812969,0.462761],[-0.0363355,-0.482389,0.875203]],[[0.934744,-0.326164,-0.140965],[0.319473,0.945125,-0.0683874],[0.155535,0.0188902,0.98765]],[[0.934744,-0.326164,-0.140965],[0.199706,0.810388,-0.550808],[0.29389,0.486713,0.822642]]],2],[493,[-0.00604506,-0.0519917,-0.998629],49,58.2915,[22.2569,99.2347,-58.6631],[25.7308,97.3408,-57.8568],[-0.68847,-0.244074,0.748629],false,[11.7704,92.415,70.1748],[20.8935,88.0828,14.4085],[28.5104,104.726,-21.634],[28.3589,103.423,-46.6629],[25.2218,95.4577,-61.2392],[[[0.906753,-0.382235,0.178034],[0.389726,0.920898,-0.00778214],[-0.160976,0.0764407,0.983994]],[[0.920871,-0.38959,0.0147089],[0.341309,0.823836,0.452551],[-0.188427,-0.411721,0.891617]],[[0.920871,-0.38959,0.0147089],[0.38982,0.91952,-0.0502327],[0.00604506,0.0519917,0.998629]],[[0.920871,-0.38959,0.0147089],[0.342867,0.79132,-0.506216],[0.185577,0.471203,0.862281]]],3],[494,[-0.0273542,-0.141153,-0.98961],49,45.6994,[36.6305,87.7845,-36.0228],[41.1562,82.5179,-33.9316],[-0.0259753,-0.338951,1.04839],false,[21.0113,83.664,72.1325],[36.8789,80.4311,22.2324],[45.0786,91.1657,-6.76705],[44.5946,88.6679,-24.279],[40.3194,80.3921,-36.7864],[[[0.805085,-0.517688,0.289546],[0.510251,0.853347,0.106968],[-0.302459,0.0616229,0.951168]],[[0.85441,-0.517173,0.0501498],[0.451981,0.787362,0.419254],[-0.256313,-0.335548,0.906483]],[[0.85441,-0.517173,0.0501498],[0.518878,0.844161,-0.134749],[0.0273542,0.141153,0.98961]],[[0.85441,-0.517173,0.0501498],[0.441397,0.671508,-0.595185],[0.274138,0.530668,0.802022]]],4]],[[0,200,0],[235.247,235.247,147.751]]],[44906,787447572,[[49,"right",[0.0688129,0.0922651,-0.993354],[-0.173803,-0.979379,-0.103007],[2.30009,85.7584,29.9115],[-0.124377,0.186289,1.31086],[-1.20484,90.734,30.5442],0.0121333,0.199642,0.932291,[[0.980297,-0.182308,0.0760419],[0.172852,0.978036,0.116485],[-0.0956078,-0.101045,0.990277]],57.6505,[-16.9627,59.1554,321.107],[6.39255,83.839,79.2]]],[[490,[0.123371,-0.053704,-0.990906],49,47.1521,[-35.4926,96.4969,-0.421081],[-33.8382,92.2033,-4.13726],[0.77617,-0.376938,1.65128],false,[-20.8567,78.6194,79.9442],[-20.8567,78.6194,79.9442],[-40.1104,94.7793,42.4231],[-36.3047,93.1226,11.8558],[-33.3997,91.7609,-9.07412],[[[0.564186,0.821661,-0.0810371],[-0.739736,0.546634,0.392404],[0.366721,-0.161443,0.916216]],[[0.604986,0.795584,0.0322044],[-0.672492,0.488891,0.555644],[0.426317,-0.357814,0.830796]],[[0.604986,0.795584,0.0322044],[-0.78662,0.603458,-0.130642],[-0.123371,0.053704,0.990906]],[[0.604986,0.795584,0.0322044],[-0.784328,0.60242,-0.148055],[-0.137191,0.0643125,0.988455]]],0],[491,[-0.0999613,-0.0576476,-0.99332],49,53.2059,[-26.6299,112.302,-58.9261],[-22.2154,104.103,-59.995],[-0.96059,-0.0825486,0.825969],false,[-9.94735,95.5271,72.5244],[-18.0555,93.8305,6.47998],[-18.3897,111.153,-28.315],[-20.5756,109.893,-50.037],[-23.0645,101.939,-63.0562],[[[0.979981,-0.161693,-0.116157],[0.157475,0.986512,-0.0446746],[0.121814,0.0254884,0.992226]],[[0.982889,-0.160953,-0.0895707],[0.183997,0.880613,0.436652],[0.00859679,-0.445661,0.89516]],[[0.982889,-0.160953,-0.0895707],[0.154714,0.985277,-0.0727503],[0.0999613,0.0576476,0.99332]],[[0.982889,-0.160953,-0.0895707],[0.089472,0.842234,-0.531635],[0.161008,0.514525,0.842224]]],1],[492,[-0.15551,-0.0189038,-0.987653],49,60.6239,[-10.1249,114.866,-66.7789],[-4.35569,106.688,-66.6985],[-0.228558,-0.666421,0.682142],false,[1.03022,95.2509,70.6466],[1.86589,92.1723,7.60491],[3.44859,113.202,-30.5656],[-0.552336,112.716,-55.9757],[-5.54805,104.443,-69.9639],[[[0.946128,-0.322554,0.0282934],[0.323521,0.945294,-0.0418742],[-0.0132389,0.0487719,0.998722]],[[0.934751,-0.326156,-0.140938],[0.353446,0.81306,0.462611],[-0.0362928,-0.48224,0.875287]],[[0.934751,-0.326156,-0.140938],[0.319465,0.945127,-0.0683909],[0.15551,0.0189038,0.987653]],[[0.934751,-0.326156,-0.140938],[0.199762,0.810465,-0.550674],[0.293831,0.486589,0.822736]]],2],[493,[-0.00612953,-0.0520216,-0.998627],49,58.2915,[22.2659,99.2299,-58.6611],[25.7213,97.3316,-57.8506],[-0.899501,-0.443598,0.71051],false,[11.7681,92.4172,70.1842],[20.8888,88.0799,14.418],[28.5002,104.717,-21.6285],[28.3465,103.413,-46.6574],[25.2093,95.4496,-61.2345],[[[0.906769,-0.382197,0.178031],[0.389704,0.920906,-0.00788735],[-0.160935,0.0765314,0.983993]],[[0.920881,-0.389568,0.0146415],[0.341358,0.82392,0.452361],[-0.188289,-0.411572,0.891715]],[[0.920881,-0.389568,0.0146415],[0.389795,0.919527,-0.0502936],[0.00612953,0.0520216,0.998627]],[[0.920881,-0.389568,0.0146415],[0.342834,0.791387,-0.506134],[0.185587,0.471109,0.862331]]],3],[494,[-0.0273753,-0.141249,-0.989596],49,45.6994,[36.6334,87.7812,-36.0215],[41.1503,82.5094,-33.9233],[-0.210252,-0.511204,1.02186],false,[21.0093,83.6666,72.1424],[36.8748,80.4293,22.2418],[45.0725,91.1595,-6.75976],[44.5881,88.66,-24.2714],[40.3133,80.3837,-36.7787],[[[0.80511,-0.517642,0.28956],[0.510236,0.853369,0.106864],[-0.302419,0.0617073,0.951176]],[[0.854423,-0.51715,0.050179],[0.451993,0.787436,0.419102],[-0.256251,-0.33541,0.906551]],[[0.854423,-0.51715,0.050179],[0.518857,0.844159,-0.134844],[0.0273753,0.141249,0.989596]],[[0.854423,-0.51715,0.050179],[0.441388,0.671498,-0.595203],[0.274114,0.530704,0.802007]]],4]],[[0,200,0],[235.247,235.247,147.751]]],[44907,787465714,[[49,"right",[0.0686309,0.0918518,-0.993405],[-0.173263,-0.979523,-0.102538],[2.24339,85.7213,29.9582],[-1.55405,-0.874702,1.91219],[-1.20296,90.7313,30.5439],0.011713,0.19821,0.934663,[[0.980411,-0.181725,0.0759554],[0.172288,0.978146,0.116392],[-0.0954469,-0.101026,0.990295]],57.6505,[-16.9725,59.1479,321.158],[6.34338,83.8267,79.247]]],[[490,[0.123359,-0.053714,-0.990907],49,47.1521,[-35.4912,96.4923,-0.424967],[-33.8861,92.1327,-4.08282],[-0.215845,-1.8197,2.5549],false,[-20.9028,78.5921,79.9972],[-20.9028,78.5921,79.9972],[-40.1703,94.746,42.4806],[-36.3649,93.089,11.9132],[-33.4125,91.6907,-9.00768],[[[0.563711,0.821943,-0.0814849],[-0.739994,0.546395,0.392252],[0.366932,-0.160819,0.916241]],[[0.604661,0.795835,0.0321354],[-0.672592,0.48858,0.555796],[0.426621,-0.357682,0.830697]],[[0.604661,0.795835,0.0321354],[-0.786872,0.603127,-0.130652],[-0.123359,0.053714,0.990907]],[[0.604661,0.795835,0.0321354],[-0.784184,0.601902,-0.150895],[-0.13943,0.06604,0.988027]]],0],[491,[-0.100207,-0.0577573,-0.993289],49,53.2059,[-26.6156,112.271,-58.93],[-22.3092,104.009,-59.9623],[-2.92929,-2.22197,1.20608],false,[-10.004,95.5026,72.5682],[-18.1198,93.7714,6.52566],[-18.4779,111.067,-28.2825],[-20.6692,109.804,-50.0039],[-23.1566,101.858,-63.0279],[[[0.980057,-0.161192,-0.116212],[0.156912,0.98658,-0.0451441],[0.121929,0.0260088,0.992198]],[[0.982948,-0.160445,-0.0898343],[0.183652,0.881058,0.4359],[0.00921128,-0.444966,0.8955]],[[0.982948,-0.160445,-0.0898343],[0.154179,0.985354,-0.0728501],[0.100207,0.0577573,0.993289]],[[0.982948,-0.160445,-0.0898343],[0.0890009,0.842622,-0.5311],[0.160909,0.514049,0.842533]]],1],[492,[-0.155174,-0.0189126,-0.987706],49,60.6239,[-10.1067,114.839,-66.7788],[-4.42463,106.6,-66.6765],[-1.67057,-2.23674,0.7185],false,[0.973487,95.2317,70.6892],[1.80265,92.1249,7.64873],[3.37148,113.121,-30.5413],[-0.620794,112.634,-55.9527],[-5.6043,104.374,-69.9529],[[[0.946314,-0.322006,0.0283162],[0.322982,0.945457,-0.0423467],[-0.0131358,0.0492189,0.998702]],[[0.934955,-0.325694,-0.14065],[0.352937,0.813711,0.461855],[-0.0359748,-0.481454,0.875733]],[[0.934955,-0.325694,-0.14065],[0.31903,0.945286,-0.0682216],[0.155174,0.0189126,0.987706]],[[0.934955,-0.325694,-0.14065],[0.19986,0.81111,-0.549687],[0.293113,0.485823,0.823445]]],2],[493,[-0.00650998,-0.0519913,-0.998626],49,58.2915,[22.2887,99.2171,-58.656],[25.636,97.2758,-57.8242],[-3.17391,-1.49301,0.898872],false,[11.7129,92.4039,70.2266],[20.8288,88.0463,14.4612],[28.4041,104.661,-21.6035],[28.2409,103.357,-46.6324],[25.1072,95.404,-61.2159],[[[0.907008,-0.381604,0.178086],[0.389183,0.921122,-0.00835744],[-0.16085,0.0768883,0.983979]],[[0.921107,-0.389048,0.0142503],[0.341238,0.824452,0.451482],[-0.187397,-0.411001,0.892166]],[[0.921107,-0.389048,0.0142503],[0.389254,0.919749,-0.0504223],[0.00650998,0.0519913,0.998626]],[[0.921107,-0.389048,0.0142503],[0.342339,0.792004,-0.505503],[0.185379,0.470501,0.862707]]],3],[494,[-0.0272599,-0.141616,-0.989546],49,45.6994,[36.6414,87.7715,-36.0177],[41.0927,82.4604,-33.8846],[-1.62736,-1.4769,1.45907],false,[20.9593,83.6594,72.1875],[36.8201,80.4083,22.2864],[45.0065,91.1218,-6.72456],[44.5242,88.6158,-24.2353],[40.2574,80.3371,-36.7437],[[[0.80544,-0.517056,0.28969],[0.509768,0.853706,0.106409],[-0.302329,0.0619694,0.951187]],[[0.854712,-0.516651,0.0503936],[0.451645,0.787986,0.418442],[-0.255898,-0.334887,0.906844]],[[0.854712,-0.516651,0.0503936],[0.518386,0.844403,-0.135125],[0.0272599,0.141616,0.989546]],[[0.854712,-0.516651,0.0503936],[0.441147,0.671761,-0.595086],[0.273599,0.530858,0.802081]]],4]],[[0,200,0],[235.247,235.247,147.751]]],[44908,787501239,[[49,"right",[0.0677414,0.0907025,-0.993571],[-0.172452,-0.979805,-0.101204],[2.1042,85.6909,30.0098],[-3.25236,-0.861559,1.58235],[-1.19386,90.7174,30.5424],0.0110053,0.196668,0.93587,[[0.980603,-0.180804,0.0756861],[0.171393,0.978299,0.116429],[-0.0950945,-0.101198,0.990311]],57.6505,[-16.984,59.1392,321.212],[6.24588,83.8601,79.2975]]],[[490,[0.122744,-0.0543351,-0.99095],49,47.1521,[-35.4878,96.4799,-0.434936],[-34.0414,92.0386,-4.00229],[-2.71769,-2.12956,2.57113],false,[-20.9949,78.6016,80.0762],[-20.9949,78.6016,80.0762],[-40.3067,94.721,42.5676],[-36.5203,93.0449,11.9989],[-33.5368,91.6,-8.91437],[[[0.562895,0.822356,-0.0829447],[-0.740174,0.546198,0.392187],[0.367822,-0.159366,0.916138]],[[0.604119,0.796284,0.0311681],[-0.672455,0.488406,0.556115],[0.427603,-0.356919,0.830521]],[[0.604119,0.796284,0.0311681],[-0.787384,0.602477,-0.130564],[-0.122744,0.0543351,0.99095]],[[0.604119,0.796284,0.0311681],[-0.784338,0.601061,-0.153424],[-0.140903,0.0682397,0.987669]]],0],[491,[-0.10113,-0.0577926,-0.993193],49,53.2059,[-26.5789,112.187,-58.9404],[-22.5594,103.866,-59.9246],[-5.7976,-2.83851,1.03872],false,[-10.1175,95.5129,72.6178],[-18.2854,93.6938,6.58403],[-18.6998,110.948,-28.2443],[-20.9114,109.684,-49.9635],[-23.4036,101.752,-62.995],[[[0.980109,-0.16044,-0.116811],[0.155975,0.986667,-0.0464742],[0.12271,0.0273302,0.992066]],[[0.982986,-0.15967,-0.0907997],[0.183372,0.88174,0.434636],[0.0106634,-0.443891,0.896017]],[[0.982986,-0.15967,-0.0907997],[0.153336,0.985477,-0.0729567],[0.10113,0.0577926,0.993193]],[[0.982986,-0.15967,-0.0907997],[0.088011,0.843316,-0.530163],[0.161224,0.513151,0.84302]]],1],[492,[-0.155448,-0.0194932,-0.987652],49,60.6239,[-10.0552,114.756,-66.7783],[-4.64747,106.45,-66.6627],[-4.76193,-3.23815,0.312719],false,[0.858651,95.2498,70.7302],[1.63952,92.0669,7.69292],[3.16118,113.002,-30.5324],[-0.838136,112.5,-55.9425],[-5.81499,104.247,-69.9489],[[[0.94663,-0.321109,0.0279402],[0.322085,0.945699,-0.0437616],[-0.0123707,0.0504251,0.998651]],[[0.935173,-0.325014,-0.140773],[0.352468,0.814808,0.460276],[-0.0348931,-0.480056,0.876544]],[[0.935173,-0.325014,-0.140773],[0.318257,0.945508,-0.0687522],[0.155448,0.0194932,0.987652]],[[0.935173,-0.325014,-0.140773],[0.199412,0.811611,-0.549111],[0.292722,0.485442,0.823809]]],2],[493,[-0.00765569,-0.0526701,-0.998583],49,58.2915,[22.3454,99.1812,-58.6423],[25.3995,97.1693,-57.8187],[-6.09712,-2.39898,0.226012],false,[11.6003,92.4312,70.2623],[20.6749,88.014,14.4949],[28.1792,104.58,-21.6069],[27.9873,103.26,-46.6347],[24.8488,95.3061,-61.217],[[[0.9075,-0.38056,0.177814],[0.388336,0.921466,-0.00979644],[-0.160122,0.0779419,0.984015]],[[0.921478,-0.388198,0.0134109],[0.341197,0.825446,0.449693],[-0.18564,-0.409807,0.893082]],[[0.921478,-0.388198,0.0134109],[0.388355,0.920069,-0.0515063],[0.00765569,0.0526701,0.998583]],[[0.921478,-0.388198,0.0134109],[0.341185,0.792413,-0.505642],[0.185663,0.470514,0.862639]]],3],[494,[-0.0277751,-0.142733,-0.989371],49,45.6994,[36.675,87.7288,-36.0012],[40.9101,82.3837,-33.8647],[-4.15286,-1.90064,0.750371],false,[20.8562,83.6975,72.2264],[36.6795,80.4001,22.3164],[44.8313,91.0785,-6.71719],[44.3398,88.5527,-24.2249],[40.0752,80.2605,-36.7251],[[[0.806146,-0.515968,0.289666],[0.509076,0.854299,0.104954],[-0.301614,0.0628541,0.951356]],[[0.855216,-0.515815,0.0504059],[0.451304,0.788998,0.416903],[-0.254815,-0.333793,0.907552]],[[0.855216,-0.515815,0.0504059],[0.517527,0.844726,-0.136395],[0.0277751,0.142733,0.989371]],[[0.855216,-0.515815,0.0504059],[0.440255,0.671718,-0.595794],[0.27346,0.531724,0.801554]]],4]],[[0,200,0],[235.247,235.247,147.751]]],[44909,787529703,[[49,"right",[0.0669711,0.0909617,-0.9936],[-0.171382,-0.979986,-0.101267],[1.85379,85.5284,30.008],[-6.78824,-3.95391,0.532665],[-1.18062,90.6949,30.5401],0.0106223,0.195542,0.937511,[[0.980849,-0.179675,0.0751775],[0.170397,0.978571,0.115599],[-0.0943368,-0.100575,0.990447]],57.6505,[-17.0142,59.1247,321.241],[6.03058,83.6934,79.2926]]],[[490,[0.122165,-0.0532601,-0.99108],49,47.1521,[-35.4837,96.461,-0.449563],[-34.3117,91.8701,-3.97105],[-6.67268,-3.99501,1.85582],false,[-21.2036,78.4031,80.0886],[-21.2036,78.4031,80.0886],[-40.5571,94.5443,42.6108],[-36.7885,92.9013,12.0381],[-33.7864,91.456,-8.87249],[[[0.561884,0.823024,-0.0831711],[-0.740545,0.545267,0.392782],[0.368619,-0.159106,0.915863]],[[0.603425,0.796795,0.0315613],[-0.672491,0.487219,0.557112],[0.428527,-0.3574,0.829837]],[[0.603425,0.796795,0.0315613],[-0.788007,0.601898,-0.129479],[-0.122165,0.0532601,0.99108]],[[0.603425,0.796795,0.0315613],[-0.784714,0.600382,-0.154161],[-0.141783,0.0682578,0.987542]]],0],[491,[-0.101718,-0.0570854,-0.993174],49,53.2059,[-26.5453,112.101,-58.9507],[-22.8989,103.701,-59.9136],[-9.58368,-4.36278,0.581169],false,[-10.3508,95.3284,72.626],[-18.5607,93.5118,6.59732],[-19.0218,110.771,-28.2278],[-21.2462,109.523,-49.9466],[-23.7374,101.607,-62.9882],[[[0.980216,-0.159281,-0.117496],[0.154798,0.986856,-0.0463984],[0.123342,0.0272923,0.991989]],[[0.983101,-0.158515,-0.0915754],[0.182681,0.881881,0.434641],[0.0118617,-0.444025,0.895936]],[[0.983101,-0.158515,-0.0915754],[0.152205,0.985705,-0.0722446],[0.101718,0.0570854,0.993174]],[[0.983101,-0.158515,-0.0915754],[0.0868379,0.844171,-0.528994],[0.161159,0.512103,0.84367]]],1],[492,[-0.155949,-0.0192708,-0.987577],49,60.6239,[-10.0063,114.671,-66.7778],[-4.98406,106.295,-66.6634],[-9.20999,-4.48736,0.0207277],false,[0.624397,95.0784,70.7309],[1.36678,91.9078,7.69259],[2.83733,112.843,-30.5346],[-1.1749,112.347,-55.9427],[-6.14829,104.1,-69.9542],[[[0.947021,-0.320015,0.0272483],[0.320957,0.94608,-0.0438044],[-0.011761,0.0502292,0.998668]],[[0.935464,-0.323903,-0.1414],[0.351809,0.815246,0.460005],[-0.0337212,-0.480064,0.876585]],[[0.935464,-0.323903,-0.1414],[0.317154,0.945894,-0.0685396],[0.155949,0.0192708,0.987577]],[[0.935464,-0.323903,-0.1414],[0.198344,0.812285,-0.548501],[0.292518,0.485057,0.824108]]],2],[493,[-0.00854264,-0.052097,-0.998605],49,58.2915,[22.3965,99.1429,-58.629],[25.065,97.0572,-57.8436],[-10.0299,-3.24105,-0.586244],false,[11.369,92.2723,70.2554],[20.4114,87.8758,14.4811],[27.8528,104.449,-21.6304],[27.6387,103.143,-46.6587],[24.4995,95.2034,-61.2485],[[[0.90806,-0.379538,0.177138],[0.387259,0.921918,-0.00988802],[-0.159554,0.0775771,0.984136]],[[0.92194,-0.387136,0.01231],[0.340791,0.825856,0.449248],[-0.184086,-0.409984,0.893322]],[[0.92194,-0.387136,0.01231],[0.387238,0.92055,-0.0513374],[0.00854264,0.052097,0.998605]],[[0.92194,-0.387136,0.01231],[0.339911,0.793422,-0.504918],[0.185705,0.469688,0.86308]]],3],[494,[-0.0281514,-0.142484,-0.989397],49,45.6994,[36.7148,87.6738,-35.9806],[40.6248,82.276,-33.8959],[-7.88846,-3.03832,-0.47851],false,[20.6364,83.5491,72.2117],[36.43,80.2791,22.2905],[44.5494,90.9681,-6.74828],[44.0513,88.4468,-24.2564],[39.7913,80.156,-36.7591],[[[0.806938,-0.515084,0.289033],[0.508153,0.854871,0.104769],[-0.30105,0.0623308,0.951569]],[[0.855843,-0.514833,0.04979],[0.450686,0.789498,0.416624],[-0.253801,-0.334125,0.907715]],[[0.855843,-0.514833,0.04979],[0.516469,0.845367,-0.136437],[0.0281514,0.142484,0.989397]],[[0.855843,-0.514833,0.04979],[0.439221,0.672543,-0.595627],[0.273163,0.531632,0.801717]]],4]],[[0,200,0],[235.247,235.247,147.751]]],[44910,787546822,[[49,"right",[0.0657611,0.0909457,-0.993682],[-0.170638,-0.980144,-0.100999],[1.65234,85.3965,29.9883],[-9.06386,-5.66579,-0.236828],[-1.1707,90.6763,30.5382],0.0102034,0.194596,0.938371,[[0.98102,-0.178879,0.0748526],[0.169695,0.978766,0.114984],[-0.0938314,-0.1001,0.990543]],57.6505,[-17.0345,59.1164,321.24],[5.88679,83.569,79.2682]]],[[490,[0.12106,-0.0525251,-0.991255],49,47.1521,[-35.4812,96.4455,-0.461109],[-34.5468,91.7306,-3.94145],[-9.51182,-5.33771,2.04752],false,[-21.3418,78.2548,80.0956],[-21.3418,78.2548,80.0956],[-40.7519,94.4107,42.6534],[-37.0174,92.7904,12.0753],[-34.0045,91.335,-8.83302],[[[0.561067,0.823511,-0.0838712],[-0.740575,0.544647,0.393583],[0.3698,-0.158714,0.915455]],[[0.602949,0.797162,0.0313967],[-0.672118,0.486381,0.558293],[0.42978,-0.357725,0.829049]],[[0.602949,0.797162,0.0313967],[-0.788541,0.601477,-0.128175],[-0.12106,0.0525251,0.991255]],[[0.602949,0.797162,0.0313967],[-0.784988,0.59984,-0.154872],[-0.142291,0.0687338,0.987436]]],0],[491,[-0.102745,-0.0566766,-0.993092],49,53.2059,[-26.5243,112.04,-58.9578],[-23.2234,103.549,-59.9128],[-13.7184,-6.03471,0.29112],false,[-10.5124,95.1891,72.6194],[-18.7958,93.3603,6.60026],[-19.313,110.616,-28.226],[-21.5599,109.376,-49.943],[-24.0579,101.472,-62.9905],[[[0.980221,-0.15843,-0.118599],[0.15388,0.986988,-0.0466477],[0.124446,0.0274751,0.991846]],[[0.983131,-0.15766,-0.0927171],[0.182418,0.882085,0.434339],[0.0133064,-0.443925,0.895965]],[[0.983131,-0.15766,-0.0927171],[0.151316,0.985866,-0.0719195],[0.102745,0.0566766,0.993092]],[[0.983131,-0.15766,-0.0927171],[0.0856634,0.844794,-0.52819],[0.161602,0.511337,0.844049]]],1],[492,[-0.157004,-0.01938,-0.987408],49,60.6239,[-9.97453,114.611,-66.7776],[-5.31302,106.149,-66.6803],[-13.7581,-6.25019,-0.472674],false,[0.460887,94.9486,70.7119],[1.13435,91.7739,7.67297],[2.54209,112.704,-30.5595],[-1.49727,112.205,-55.9633],[-6.47803,103.957,-69.9716],[[[0.947331,-0.319182,0.0261947],[0.320077,0.946358,-0.0442397],[-0.0106691,0.050294,0.998677]],[[0.935589,-0.323093,-0.142423],[0.351612,0.81564,0.459456],[-0.032281,-0.47994,0.876707]],[[0.935589,-0.323093,-0.142423],[0.316264,0.946169,-0.0688586],[0.157004,0.01938,0.987408]],[[0.935589,-0.323093,-0.142423],[0.197112,0.812574,-0.548517],[0.292951,0.485113,0.823921]]],2],[493,[-0.00992528,-0.0519508,-0.9986],49,58.2915,[22.4291,99.1137,-58.6202],[24.7407,96.9408,-57.8996],[-14.4676,-4.81027,-1.93358],false,[11.2074,92.1519,70.2243],[20.1902,87.7591,14.4401],[27.5577,104.325,-21.6897],[27.3089,103.023,-46.7179],[24.1592,95.0908,-61.3094],[[[0.908594,-0.378728,0.176133],[0.386439,0.922257,-0.0103969],[-0.158502,0.0775111,0.984312]],[[0.922295,-0.386332,0.0109315],[0.340814,0.826317,0.448381],[-0.182257,-0.409814,0.893776]],[[0.922295,-0.386332,0.0109315],[0.386359,0.920896,-0.0517484],[0.00992528,0.0519508,0.9986]],[[0.922295,-0.386332,0.0109315],[0.338604,0.794072,-0.504774],[0.18633,0.469252,0.863182]]],3],[494,[-0.0290231,-0.142457,-0.989375],49,45.6994,[36.7433,87.6308,-35.9654],[40.358,82.1727,-33.9618],[-11.3924,-4.3158,-2.07575],false,[20.4846,83.4369,72.1707],[36.2244,80.177,22.2319],[44.3014,90.8682,-6.81795],[43.7878,88.3473,-24.3257],[39.5242,80.056,-36.8268],[[[0.807718,-0.514354,0.288153],[0.507522,0.855324,0.104127],[-0.300022,0.0621383,0.951906]],[[0.856346,-0.514082,0.0489],[0.450475,0.789959,0.415978],[-0.252476,-0.334193,0.908059]],[[0.856346,-0.514082,0.0489],[0.515586,0.845829,-0.136912],[0.0290231,0.142456,0.989375]],[[0.856346,-0.514082,0.0489],[0.438093,0.673088,-0.595842],[0.273397,0.531669,0.801612]]],4]],[[0,200,0],[235.247,235.247,147.751]]],[44911,787573860,[[49,"right",[0.0621106,0.0896899,-0.994031],[-0.17199,-0.980093,-0.0991788],[1.24763,85.1415,29.9252],[-12.7172,-7.99682,-1.53372],[-1.15119,90.6317,30.5332],0.00971766,0.192648,0.940165,[[0.980848,-0.180082,0.0742193],[0.171028,0.97862,0.114243],[-0.0932056,-0.0993613,0.990677]],57.6505,[-17.1027,59.0966,321.195],[5.66573,83.3687,79.191]]],[[490,[0.11733,-0.052433,-0.991708],49,47.1521,[-35.4789,96.4084,-0.487287],[-35.0594,91.5382,-3.86022],[-14.8807,-5.35911,3.01721],false,[-21.5648,78.0828,80.1272],[-21.5648,78.0828,80.1272],[-41.0968,94.284,42.7681],[-37.4774,92.6666,12.176],[-34.5057,91.1833,-8.7362],[[[0.561565,0.822849,-0.0869712],[-0.738547,0.545857,0.395713],[0.373086,-0.157986,0.914247]],[[0.604252,0.796251,0.0293908],[-0.669209,0.487132,0.561125],[0.432479,-0.35873,0.827209]],[[0.604252,0.796251,0.0293908],[-0.788107,0.60269,-0.125107],[-0.11733,0.0524329,0.991708]],[[0.604252,0.796251,0.0293908],[-0.784336,0.600898,-0.154075],[-0.140343,0.0700477,0.987622]]],0],[491,[-0.106296,-0.0571935,-0.992688],49,53.2059,[-26.4894,111.905,-58.9732],[-23.9472,103.218,-59.9116],[-21.5363,-9.5341,0.111882],false,[-10.7468,94.9973,72.59],[-19.2805,93.0977,6.60474],[-19.9069,110.309,-28.2415],[-22.2313,109.058,-49.9497],[-24.7827,101.157,-62.9884],[[[0.97961,-0.15955,-0.122096],[0.154683,0.986777,-0.0484122],[0.128206,0.0285388,0.991337]],[[0.982634,-0.158747,-0.0960728],[0.184854,0.88246,0.432543],[0.0161154,-0.442791,0.89648]],[[0.982634,-0.158747,-0.0960728],[0.152092,0.985661,-0.0730744],[0.106296,0.0571935,0.992688]],[[0.982634,-0.158747,-0.0960728],[0.0847908,0.844691,-0.528495],[0.165049,0.511171,0.843482]]],1],[492,[-0.160652,-0.020176,-0.986805],49,60.6239,[-9.91547,114.473,-66.7782],[-6.05923,105.786,-66.7456],[-22.2976,-10.4882,-1.68606],false,[0.218966,94.7435,70.6415],[0.651985,91.4926,7.60436],[1.93626,112.374,-30.6592],[-2.19696,111.854,-56.0474],[-7.23673,103.602,-70.0319],[[[0.947106,-0.320095,0.0230133],[0.320848,0.945984,-0.0465807],[-0.00685998,0.0515006,0.998649]],[[0.934726,-0.324197,-0.145545],[0.354146,0.815861,0.457112],[-0.0294496,-0.478819,0.877419]],[[0.934726,-0.324197,-0.145545],[0.316982,0.945775,-0.0709419],[0.160652,0.020176,0.986805]],[[0.934726,-0.324197,-0.145545],[0.196012,0.811972,-0.5498],[0.296422,0.485384,0.822518]]],2],[493,[-0.0147339,-0.0528213,-0.998495],49,58.2915,[22.4895,99.0189,-58.6028],[23.9721,96.5542,-58.0836],[-23.9945,-10.6891,-5.18699],false,[10.9607,91.9355,70.1169],[19.7292,87.4669,14.3045],[26.9249,103.955,-21.8956],[26.5556,102.631,-46.9212],[23.3355,94.7055,-61.5012],[[[0.908873,-0.379423,0.173168],[0.387313,0.921857,-0.012959],[-0.154719,0.078848,0.984807]],[[0.921947,-0.387254,0.00688174],[0.343986,0.826845,0.444973],[-0.178008,-0.407875,0.895517]],[[0.921947,-0.387254,0.00688174],[0.387035,0.920459,-0.0544042],[0.0147339,0.0528213,0.998495]],[[0.921947,-0.387254,0.00688174],[0.337233,0.793869,-0.50601],[0.190491,0.468835,0.8625]]],3],[494,[-0.0328293,-0.143543,-0.989099],49,45.6994,[36.8105,87.5004,-35.9264],[39.7112,81.7999,-34.169],[-19.1762,-10.1338,-5.58536],false,[20.2366,83.2136,72.0388],[35.785,79.8782,22.0451],[43.7612,90.5221,-7.04996],[43.1803,87.982,-24.5528],[38.8639,79.6834,-37.031],[[[0.808285,-0.514814,0.285729],[0.50876,0.854941,0.101189],[-0.296375,0.0635777,0.952953]],[[0.856012,-0.514878,0.0463099],[0.452859,0.790064,0.413179],[-0.249325,-0.332714,0.909471]],[[0.856012,-0.514878,0.0463099],[0.515913,0.84516,-0.139778],[0.0328293,0.143543,0.989099]],[[0.856012,-0.514878,0.0463099],[0.436619,0.672113,-0.59802],[0.276782,0.532132,0.800142]]],4]],[[0,200,0],[235.247,235.247,147.751]]],[44912,787601099,[[49,"right",[0.0577469,0.0870251,-0.994531],[-0.173587,-0.980143,-0.0958454],[0.955942,84.8963,29.7907],[-11.4689,-8.62057,-3.64948],[-1.13023,90.5746,30.5258],0.00883332,0.191237,0.945734,[[0.980591,-0.181522,0.0741014],[0.172509,0.978399,0.113909],[-0.0931778,-0.098915,0.990724]],57.6505,[-17.1683,59.0836,321.056],[5.59338,83.2467,79.0406]]],[[490,[0.11297,-0.0545336,-0.992101],49,47.1521,[-35.4803,96.3551,-0.522804],[-35.4873,91.2827,-3.84093],[-15.114,-7.3396,1.77951],false,[-21.6389,77.9956,80.113],[-21.6389,77.9956,80.113],[-41.3166,94.1583,42.8137],[-37.8317,92.4761,12.2095],[-34.9396,90.9379,-8.70991],[[[0.562136,0.821952,-0.0916416],[-0.736118,0.547763,0.3976],[0.377006,-0.156046,0.912971]],[[0.605523,0.795428,0.025228],[-0.665959,0.4891,0.563276],[0.435706,-0.357878,0.825884]],[[0.605523,0.795428,0.025228],[-0.787768,0.60359,-0.122881],[-0.11297,0.0545336,0.992101]],[[0.605523,0.795428,0.025228],[-0.784019,0.601679,-0.15263],[-0.136585,0.0726419,0.987961]]],0],[491,[-0.110054,-0.05839,-0.992209],49,53.2059,[-26.4567,111.722,-58.9947],[-24.6023,102.795,-59.9897],[-22.4743,-12.5017,-1.76334],false,[-10.835,94.8775,72.4831],[-19.6674,92.8161,6.54199],[-20.4082,109.948,-28.3413],[-22.8149,108.671,-50.039],[-25.4236,100.766,-63.0645],[[[0.978863,-0.161032,-0.126079],[0.155625,0.986463,-0.0516833],[0.132695,0.0309698,0.990673]],[[0.982065,-0.160145,-0.0995045],[0.187575,0.883234,0.429783],[0.0190582,-0.44074,0.897432]],[[0.982065,-0.160145,-0.0995045],[0.153087,0.985365,-0.0749674],[0.110054,0.05839,0.992209]],[[0.982065,-0.160145,-0.0995045],[0.0840596,0.84431,-0.52922],[0.168764,0.511365,0.84263]]],1],[492,[-0.165048,-0.0222154,-0.986035],49,60.6239,[-9.85124,114.28,-66.7822],[-6.76059,105.303,-66.9035],[-24.4359,-14.72,-4.22973],false,[0.121621,94.6056,70.486],[0.267431,91.19,7.45625],[1.40303,111.971,-30.8661],[-2.84328,111.4,-56.2346],[-7.95417,103.126,-70.1804],[[[0.946822,-0.32116,0.0195942],[0.321749,0.945478,-0.0504918],[-0.00230995,0.0541112,0.998532]],[[0.933672,-0.325685,-0.148945],[0.35718,0.816603,0.453412],[-0.0260405,-0.476539,0.878768]],[[0.933672,-0.325685,-0.148945],[0.317828,0.945217,-0.0744955],[0.165048,0.0222154,0.986035]],[[0.933672,-0.325685,-0.148945],[0.194659,0.810618,-0.552275],[0.300606,0.48665,0.820249]]],2],[493,[-0.0203281,-0.0550684,-0.998276],49,58.2915,[22.5358,98.852,-58.5935],[23.2511,96.0548,-58.3647],[-26.3756,-15.3733,-8.5315],false,[10.8576,91.7835,69.9204],[19.3698,87.159,14.0811],[26.3727,103.528,-22.2108],[25.8632,102.148,-47.2309],[22.558,94.2051,-61.7825],[[[0.909196,-0.380051,0.170073],[0.388335,0.921359,-0.0171061],[-0.150197,0.0815981,0.985283]],[[0.921509,-0.388349,0.00265779],[0.347579,0.82778,0.44042],[-0.173236,-0.404927,0.897788]],[[0.921509,-0.388349,0.00265779],[0.387825,0.919866,-0.0586404],[0.0203281,0.0550684,0.998276]],[[0.921509,-0.388349,0.00265779],[0.335549,0.792738,-0.508895],[0.195522,0.469843,0.860825]]],3],[494,[-0.0374099,-0.146054,-0.988569],49,45.6994,[36.8917,87.2905,-35.8782],[39