{"metadata":{"formatVersion":2,"generatedBy":"LeapJS Playback 0.2.1","frames":410,"protocolVersion":6,"serviceVersion":"2.3.1+31549","frameRate":"66","modified":"Sat Sep 19 2015 21:31:02 GMT-0400 (EDT)"},"frames":[["id","timestamp",{"hands":[["id","type","direction","palmNormal","palmPosition","palmVelocity","stabilizedPalmPosition","pinchStrength","grabStrength","confidence","armBasis","armWidth","elbow","wrist"]]},{"pointables":[["id","direction","handId","length","stabilizedTipPosition","tipPosition","tipVelocity","tool","carpPosition","mcpPosition","pipPosition","dipPosition","btipPosition","bases","type"]]},{"interactionBox":["center","size"]}],[124607,43778731752,[[151,"right",[0.0264289,-0.94607,0.322882],[-0.405166,0.285138,0.868641],[8.58058,147.859,-34.3838],[-2.42062,4.46343,-3.70602],[10.0585,145.482,-36.6101],0,0.228234,0.190657,[[0.969542,-0.184518,0.161065],[0.23754,0.548103,-0.801972],[0.0596985,0.815804,0.575239]],54.6715,[28.6644,380.629,83.1536],[14.8348,191.641,-50.1054]]],[[1510,[-0.240017,-0.840555,0.485653],151,44.7156,[-26.5798,116.537,-7.58731],[-27.9603,122.971,-6.48224],[-3.09447,10.1442,-3.08652],false,[-11.3501,193.3,-52.1958],[-11.3501,193.3,-52.1958],[-13.579,160.704,-24.5033],[-20.6005,136.114,-10.2961],[-29.99,118.904,-5.95333],[[[0.735284,-0.377764,-0.562719],[-0.564589,0.11794,-0.816903],[0.374964,0.91836,-0.126562]],[[0.674703,-0.504135,-0.539095],[-0.736252,-0.408194,-0.539732],[0.0520427,0.761068,-0.646581]],[[0.674703,-0.504135,-0.539095],[-0.697974,-0.19828,-0.688126],[0.240017,0.840555,-0.485653]],[[0.674703,-0.504135,-0.539095],[-0.571074,0.106162,-0.814005],[0.4676,0.857075,-0.216271]]],0],[1511,[-0.163245,-0.822498,0.544837],151,50.4566,[-15.5634,58.4443,-12.0434],[-14.835,64.9351,-15.0983],[-7.6069,8.62092,-0.916811],false,[2.01382,180.894,-61.2039],[-9.73189,123.733,-37.1394],[-7.29211,86.9764,-35.8171],[-10.6775,69.9193,-24.5182],[-15.4509,63.8509,-12.0569],[[[0.905325,-0.00725214,0.424657],[0.381787,-0.424162,-0.821174],[0.186078,0.905557,-0.381235]],[[0.918474,0.0749346,0.388318],[0.389904,-0.00724621,-0.920827],[-0.0661879,0.997162,-0.0358728]],[[0.918474,0.0749346,0.388318],[0.360218,-0.56381,-0.74321],[0.163245,0.822498,-0.544837]],[[0.918474,0.0749346,0.388318],[0.224449,-0.907203,-0.355816],[0.32562,0.413966,-0.850061]]],1],[1512,[-0.160112,-0.905169,0.393742],151,57.4912,[7.32044,49.9808,-11.8702],[4.66747,55.831,-15.9142],[-6.94567,5.96807,0.0875069],false,[11.939,179.741,-57.7725],[8.2902,126.021,-31.6176],[14.3758,85.1915,-34.1156],[10.4693,63.1069,-24.509],[3.92321,53.8862,-13.0158],[[[0.843703,0.187575,0.502973],[0.533339,-0.399297,-0.745729],[0.0609555,0.897428,-0.436929]],[[0.832359,0.0906113,0.546779],[0.534344,0.130737,-0.835095],[-0.147153,0.987268,0.0604023]],[[0.832359,0.0906113,0.546779],[0.530605,-0.415281,-0.738918],[0.160112,0.905169,-0.393742]],[[0.832359,0.0906113,0.546779],[0.377281,-0.815319,-0.43922],[0.406001,0.571878,-0.712824]]],2],[1513,[-0.0396487,-0.892406,0.449489],151,55.2793,[30.784,62.2317,-4.30013],[30.0622,68.5648,-6.55604],[-5.58213,5.35757,5.15431],false,[21.1576,180.769,-52.7654],[25.28,134.14,-26.3583],[35.9287,97.3164,-25.959],[34.9863,76.1056,-15.2755],[29.7283,66.7153,-3.39436],[[[0.800855,0.347158,0.487968],[0.593926,-0.356064,-0.721436],[-0.0767044,0.867583,-0.491341]],[[0.804224,0.238467,0.544387],[0.525415,0.142842,-0.83877],[-0.27778,0.960588,-0.0104169]],[[0.804224,0.238467,0.544387],[0.593002,-0.383074,-0.708239],[0.0396487,0.892406,-0.449489]],[[0.804224,0.238467,0.544387],[0.495622,-0.774604,-0.392871],[0.327997,0.585767,-0.741145]]],3],[1514,[0.174045,-0.814989,0.552722],151,43.338,[56.7593,93.6738,1.61317],[55.0043,98.1434,3.55439],[-5.28123,2.90412,-1.19338],false,[27.8241,186.064,-44.0116],[38.7431,144.366,-19.1682],[54.4034,118.775,-14.6693],[57.3241,105.098,-5.39389],[54.5592,96.4539,6.28318],[[[0.677378,0.499266,0.540271],[0.702132,-0.219676,-0.677313],[-0.219474,0.838138,-0.499355]],[[0.67523,0.507325,0.53543],[0.526887,0.176255,-0.831459],[-0.516192,0.843537,-0.148291]],[[0.67523,0.507325,0.53543],[0.716779,-0.280026,-0.638602],[-0.174045,0.814989,-0.552722]],[[0.67523,0.507325,0.53543],[0.713521,-0.633245,-0.299815],[0.186954,0.584485,-0.789573]]],4]],[[0,200,0],[235.247,235.247,147.751]]],[124608,43778753656,[[151,"right",[0.0248804,-0.946361,0.322151],[-0.404954,0.285087,0.868757],[8.46743,148.024,-34.4103],[-3.90894,6.12007,-2.35272],[10.0498,145.496,-36.598],0,0.227511,0.179975,[[0.969145,-0.18653,0.161133],[0.238759,0.547958,-0.801708],[0.0612486,0.815444,0.575587]],54.6715,[28.9822,380.713,83.2435],[14.7935,191.808,-50.0961]]],[[1510,[-0.240416,-0.840632,0.485323],151,44.7156,[-26.5882,116.578,-7.58366],[-28.0702,123.169,-6.55277],[-3.58746,9.67333,-2.64439],false,[-11.3882,193.509,-52.1921],[-11.3882,193.509,-52.1921],[-13.6297,160.903,-24.5124],[-20.6628,136.311,-10.3149],[-30.0853,119.109,-6.01233],[[[0.734847,-0.378462,-0.56282],[-0.56419,0.119451,-0.816959],[0.376417,0.917877,-0.125747]],[[0.674331,-0.504281,-0.539424],[-0.736572,-0.407577,-0.539761],[0.0523339,0.761302,-0.646281]],[[0.674331,-0.504281,-0.539424],[-0.698196,-0.197582,-0.688101],[0.240416,0.840632,-0.485323]],[[0.674331,-0.504281,-0.539424],[-0.570165,0.108634,-0.814316],[0.469244,0.856679,-0.214268]]],0],[1511,[-0.163451,-0.822643,0.544557],151,50.4566,[-15.5569,58.4872,-12.0617],[-15.0061,65.1442,-15.1926],[-7.36073,8.89716,-2.98857],false,[1.95885,181.09,-61.2064],[-9.88161,123.929,-37.1896],[-7.44234,87.1697,-35.9189],[-10.832,70.1097,-24.6259],[-15.6082,64.0537,-12.1595],[[[0.905201,-0.00898365,0.424889],[0.381347,-0.424111,-0.821404],[0.187579,0.905566,-0.38048]],[[0.91862,0.0743733,0.38808],[0.389562,-0.00598471,-0.920981],[-0.0661739,0.997213,-0.0344707]],[[0.91862,0.0743733,0.38808],[0.359752,-0.563673,-0.74354],[0.163451,0.822643,-0.544557]],[[0.91862,0.0743733,0.38808],[0.223567,-0.907639,-0.35526],[0.325815,0.413111,-0.850402]]],1],[1512,[-0.159758,-0.905594,0.392908],151,57.4912,[7.31014,50.0124,-11.8902],[4.53241,55.9959,-16.0117],[-6.23171,6.49883,-2.87951],false,[11.8814,179.919,-57.7732],[8.14254,126.184,-31.6613],[14.2406,85.3595,-34.2107],[10.3428,63.2646,-24.6244],[3.8009,54.0368,-13.1345],[[[0.843859,0.185877,0.503341],[0.532918,-0.39954,-0.7459],[0.0624588,0.897673,-0.436212]],[[0.832577,0.0902366,0.54651],[0.533922,0.13191,-0.835181],[-0.147454,0.987146,0.0616457]],[[0.832577,0.0902366,0.54651],[0.530371,-0.414435,-0.739561],[0.159758,0.905594,-0.392908]],[[0.832577,0.0902366,0.54651],[0.377084,-0.815048,-0.439891],[0.405738,0.572323,-0.712617]]],2],[1513,[-0.0407831,-0.89258,0.449041],151,55.2793,[30.7838,62.2502,-4.30528],[29.8543,68.6835,-6.60878],[-8.11057,5.13679,1.06459],false,[21.1002,180.928,-52.7629],[25.1435,134.273,-26.3912],[35.738,97.4334,-25.9943],[34.7686,76.2184,-15.3214],[29.5019,66.8224,-3.4486],[[[0.801262,0.345538,0.48845],[0.593565,-0.356419,-0.721558],[-0.0752328,0.868083,-0.490684]],[[0.804459,0.237215,0.544587],[0.525802,0.142176,-0.838641],[-0.276365,0.960997,-0.0103536]],[[0.804459,0.237215,0.544587],[0.592606,-0.383445,-0.70837],[0.0407831,0.89258,-0.449041]],[[0.804459,0.237215,0.544587],[0.494881,-0.77472,-0.393576],[0.32854,0.586122,-0.740623]]],3],[1514,[0.174608,-0.815427,0.551897],151,43.338,[56.7526,93.6933,1.6209],[54.8722,98.2344,3.4966],[-4.95001,3.44274,-2.10458],false,[27.7725,186.206,-44.0032],[38.6205,144.472,-19.1895],[54.2814,118.877,-14.7136],[57.2116,105.193,-5.45199],[54.46,96.5364,6.21878],[[[0.678007,0.497796,0.540838],[0.701971,-0.220234,-0.677299],[-0.218046,0.838866,-0.498758]],[[0.675571,0.50698,0.535327],[0.52643,0.176673,-0.83166],[-0.516213,0.843657,-0.147534]],[[0.675571,0.50698,0.535327],[0.716321,-0.279373,-0.639401],[-0.174608,0.815427,-0.551897]],[[0.675571,0.50698,0.535327],[0.713434,-0.632725,-0.301116],[0.186055,0.585346,-0.789147]]],4]],[[0,200,0],[235.247,235.247,147.751]]],[124609,43778776279,[[151,"right",[0.0237723,-0.948141,0.316961],[-0.405273,0.28069,0.870038],[8.23964,148.391,-34.1741],[-7.32002,11.7201,4.73084],[10.0366,145.517,-36.5804],0,0.225594,0.167664,[[0.96812,-0.19065,0.162471],[0.242143,0.546276,-0.801841],[0.064117,0.815619,0.575025]],54.6715,[29.4707,381.2,83.5948],[14.6175,192.255,-49.6148]]],[[1510,[-0.239861,-0.843157,0.4812],151,44.7156,[-26.5998,116.631,-7.57835],[-28.2595,123.416,-6.49122],[-5.33457,10.5714,1.05281],false,[-11.5612,193.992,-51.719],[-11.5612,193.992,-51.719],[-13.7825,161.248,-24.2008],[-20.7994,136.583,-10.1238],[-30.2425,119.36,-5.95093],[[[0.734872,-0.376057,-0.564398],[-0.563524,0.124471,-0.816669],[0.377365,0.918198,-0.120446]],[[0.67464,-0.501195,-0.541909],[-0.736323,-0.405358,-0.541769],[0.0518651,0.764518,-0.642512]],[[0.67464,-0.501195,-0.541909],[-0.698089,-0.194653,-0.689044],[0.239861,0.843157,-0.4812]],[[0.67464,-0.501195,-0.541909],[-0.568952,0.114646,-0.81434],[0.470271,0.857706,-0.207811]]],0],[1511,[-0.162624,-0.825419,0.54059],151,50.4566,[-15.551,58.5363,-12.0832],[-15.2121,65.4587,-15.4166],[-7.66731,11.3897,-6.93425],false,[1.78031,181.61,-60.7924],[-10.1302,124.329,-37.0981],[-7.64128,87.5663,-36.049],[-11.0138,70.4487,-24.8382],[-15.7865,64.3461,-12.3932],[[[0.904904,-0.0121733,0.425442],[0.381504,-0.41995,-0.823466],[0.188689,0.907466,-0.37537]],[[0.918644,0.0732731,0.388232],[0.389273,0.0000674031,-0.921122],[-0.0675196,0.997312,-0.0284614]],[[0.918644,0.0732731,0.388232],[0.360064,-0.559746,-0.74635],[0.162624,0.825419,-0.54059]],[[0.918644,0.0732731,0.388232],[0.223821,-0.906275,-0.358566],[0.325571,0.416289,-0.848945]]],1],[1512,[-0.15882,-0.907664,0.388486],151,57.4912,[7.29799,50.0481,-11.9131],[4.33988,56.2799,-16.2437],[-7.21941,9.5957,-6.83913],false,[11.6994,180.411,-57.3591],[7.89236,126.536,-31.5454],[14.0282,85.731,-34.2961],[10.1532,63.5856,-24.8177],[3.62202,54.2961,-13.3715],[[[0.843692,0.182311,0.504922],[0.533047,-0.395937,-0.747726],[0.0635983,0.899998,-0.43123]],[[0.832604,0.0883386,0.546778],[0.533627,0.136502,-0.834632],[-0.148367,0.986693,0.0665124]],[[0.832604,0.0883386,0.546778],[0.530609,-0.410295,-0.741695],[0.15882,0.907664,-0.388486]],[[0.832604,0.0883386,0.546778],[0.377736,-0.81256,-0.443917],[0.405075,0.576145,-0.70991]]],2],[1513,[-0.0417333,-0.894879,0.444354],151,55.2793,[30.782,62.2812,-4.31435],[29.5592,68.8846,-6.76097],[-11.3891,6.88929,-3.14253],false,[20.9157,181.384,-52.3371],[24.8974,134.581,-26.2195],[35.4495,97.7275,-25.9867],[34.4576,76.4578,-15.4252],[29.1825,66.9948,-3.60952],[[[0.801255,0.342092,0.49088],[0.593718,-0.353008,-0.723107],[-0.0740841,0.870838,-0.485956]],[[0.80432,0.23375,0.546287],[0.526593,0.145487,-0.837576],[-0.275261,0.96135,-0.00607263]],[[0.80432,0.23375,0.546287],[0.592728,-0.380201,-0.710014],[0.0417333,0.894879,-0.444354]],[[0.80432,0.23375,0.546287],[0.494764,-0.772594,-0.397878],[0.329054,0.590305,-0.737064]]],3],[1514,[0.176704,-0.818446,0.546738],151,43.338,[56.7431,93.7195,1.6308],[54.6806,98.3809,3.47255],[-5.74265,4.85268,-1.80334],false,[27.5871,186.608,-43.544],[38.3791,144.727,-18.9528],[54.0727,119.128,-14.6211],[57.0381,105.393,-5.4461],[54.3243,96.6526,6.17117],[[[0.678108,0.494176,0.544022],[0.702222,-0.217171,-0.678028],[-0.216919,0.8418,-0.494286]],[[0.675268,0.50494,0.537632],[0.525757,0.181698,-0.831002],[-0.517294,0.843813,-0.142781]],[[0.675268,0.50494,0.537632],[0.716093,-0.274193,-0.641895],[-0.176704,0.818446,-0.546738]],[[0.675268,0.50494,0.537632],[0.714382,-0.629097,-0.306423],[0.183497,0.590992,-0.785529]]],4]],[[0,200,0],[235.247,235.247,147.751]]],[124610,43778799137,[[151,"right",[0.0229379,-0.949465,0.313033],[-0.405528,0.277362,0.870987],[8.06754,148.669,-33.9957],[-7.43663,11.9533,6.44522],[10.0205,145.543,-36.5592],0,0.223022,0.179417,[[0.967333,-0.193741,0.163498],[0.244696,0.54499,-0.801941],[0.0662642,0.815751,0.574594]],54.6715,[29.8351,381.568,83.859],[14.4844,192.592,-49.2508]]],[[1510,[-0.239553,-0.84504,0.47804],151,44.7156,[-26.6142,116.693,-7.57179],[-28.4079,123.604,-6.44951],[-5.44947,9.44053,1.97918],false,[-11.692,194.356,-51.3612],[-11.692,194.356,-51.3612],[-13.9016,161.509,-23.9656],[-20.9095,136.788,-9.98106],[-30.3741,119.552,-5.91299],[[[0.734899,-0.37423,-0.565575],[-0.563011,0.128261,-0.816436],[0.378076,0.918423,-0.116437]],[[0.674851,-0.498908,-0.543752],[-0.736148,-0.403616,-0.543305],[0.0515925,0.766932,-0.639651]],[[0.674851,-0.498908,-0.543752],[-0.69799,-0.192348,-0.689791],[0.239553,0.84504,-0.47804]],[[0.674851,-0.498908,-0.543752],[-0.567813,0.119575,-0.814426],[0.471343,0.858366,-0.202591]]],0],[1511,[-0.161141,-0.827603,0.537687],151,50.4566,[-15.5459,58.5857,-12.1054],[-15.3228,65.7021,-15.5816],[-5.33539,10.6335,-7.21095],false,[1.64551,182.002,-60.4791],[-10.3177,124.632,-37.0291],[-7.76069,87.8694,-36.1481],[-11.1024,70.7065,-24.9975],[-15.8634,64.567,-12.5662],[[[0.904674,-0.0145809,0.425855],[0.381636,-0.416797,-0.825006],[0.189525,0.908883,-0.371501]],[[0.918742,0.0732029,0.388014],[0.388718,0.00495763,-0.921344],[-0.0693687,0.997305,-0.0239005]],[[0.918742,0.0732029,0.388014],[0.360482,-0.556521,-0.748557],[0.161141,0.827603,-0.537687]],[[0.918742,0.0732029,0.388014],[0.224581,-0.905118,-0.361004],[0.324772,0.41881,-0.84801]]],1],[1512,[-0.15756,-0.909521,0.384638],151,57.4912,[7.28624,50.082,-11.9352],[4.22519,56.4876,-16.4323],[-5.73749,8.91991,-7.85623],false,[11.562,180.782,-57.0457],[7.70346,126.803,-31.4579],[13.8801,86.0153,-34.369],[10.0359,63.8246,-24.9845],[3.52166,54.4736,-13.5788],[[[0.843558,0.179615,0.506111],[0.533156,-0.393206,-0.749089],[0.0644581,0.901736,-0.427455]],[[0.832642,0.0870546,0.546927],[0.533293,0.140297,-0.834215],[-0.149355,0.986275,0.0703915]],[[0.832642,0.0870546,0.546927],[0.530926,-0.40644,-0.743589],[0.15756,0.909521,-0.384638]],[[0.832642,0.0870546,0.546927],[0.378778,-0.809981,-0.447726],[0.404024,0.579959,-0.707398]]],2],[1513,[-0.0390597,-0.898268,0.437709],151,55.2793,[30.7806,62.3045,-4.32209],[29.5089,69.011,-6.97033],[-5.92065,4.78766,-8.73061],false,[20.7764,181.727,-52.015],[24.7114,134.813,-26.0899],[35.3125,97.9735,-26.0702],[34.3841,76.6233,-15.6666],[29.1576,67.0379,-3.92826],[[[0.801241,0.339483,0.492711],[0.593845,-0.350423,-0.72426],[-0.0732164,0.872901,-0.482373]],[[0.804223,0.231717,0.547296],[0.526072,0.150935,-0.836939],[-0.276539,0.961003,-0.000514119]],[[0.804223,0.231717,0.547296],[0.593043,-0.373393,-0.713357],[0.0390597,0.898268,-0.437709]],[[0.804223,0.231717,0.547296],[0.496921,-0.767318,-0.405329],[0.326029,0.597938,-0.73224]]],3],[1514,[0.179566,-0.819996,0.543473],151,43.338,[56.731,93.7529,1.64322],[54.582,98.5183,3.48297],[-3.67701,5.4552,-0.300636],false,[27.4469,186.91,-43.1968],[38.1965,144.92,-18.7741],[53.9379,119.337,-14.5191],[56.9513,105.576,-5.39891],[54.2898,96.774,6.18356],[[[0.678174,0.491432,0.54642],[0.702421,-0.21485,-0.678561],[-0.216068,0.843999,-0.490898]],[[0.674674,0.50471,0.538593],[0.524967,0.184834,-0.830811],[-0.518868,0.84327,-0.140253]],[[0.674674,0.50471,0.538593],[0.71594,-0.269954,-0.643859],[-0.179566,0.819996,-0.543473]],[[0.674674,0.50471,0.538593],[0.71584,-0.625316,-0.310728],[0.179964,0.595187,-0.783176]]],4]],[[0,200,0],[235.247,235.247,147.751]]],[124611,43778822365,[[151,"right",[0.022374,-0.950353,0.310368],[-0.405706,0.275103,0.87162],[7.95093,148.857,-33.8748],[-6.07533,9.77889,5.74634],[10.0027,145.571,-36.5362],0,0.221669,0.186036,[[0.966794,-0.195824,0.164201],[0.246424,0.544111,-0.802009],[0.0677092,0.815841,0.574299]],54.6715,[30.0796,381.816,84.0374],[14.3941,192.819,-49.004]]],[[1510,[-0.238853,-0.846372,0.47603],151,44.7156,[-26.63,116.76,-7.56441],[-28.4832,123.729,-6.42674],[-3.6222,7.28861,1.89828],false,[-11.7806,194.602,-51.1187],[-11.7806,194.602,-51.1187],[-13.9626,161.687,-23.8028],[-20.95,136.927,-9.87705],[-30.4286,119.68,-5.88868],[[[0.734922,-0.372988,-0.566365],[-0.562659,0.130826,-0.816272],[0.378555,0.918566,-0.113718]],[[0.675147,-0.497088,-0.545051],[-0.735922,-0.402834,-0.544191],[0.0509459,0.768524,-0.63779]],[[0.675147,-0.497088,-0.545051],[-0.697944,-0.191203,-0.690156],[0.238853,0.846372,-0.47603]],[[0.675147,-0.497088,-0.545051],[-0.566883,0.123186,-0.814536],[0.472039,0.858911,-0.198622]]],0],[1511,[-0.159111,-0.829258,0.535738],151,50.4566,[-15.5411,58.6311,-12.1261],[-15.3431,65.8718,-15.6932],[-2.01881,8.34999,-6.0462],false,[1.55423,182.268,-60.2666],[-10.4447,124.837,-36.9824],[-7.80421,88.078,-36.222],[-11.1039,70.8808,-25.1118],[-15.8463,64.7134,-12.6872],[[[0.904515,-0.016211,0.426134],[0.381731,-0.414656,-0.82604],[0.19009,0.909834,-0.368875]],[[0.918899,0.0740222,0.387486],[0.387934,0.00880116,-0.921645],[-0.0716325,0.997218,-0.0206284]],[[0.918899,0.0740222,0.387486],[0.360982,-0.553942,-0.750227],[0.159111,0.829258,-0.535738]],[[0.918899,0.0740222,0.387486],[0.225757,-0.90417,-0.362643],[0.323509,0.42071,-0.847552]]],1],[1512,[-0.156087,-0.910924,0.381909],151,57.4912,[7.27614,50.1113,-11.9545],[4.18339,56.6237,-16.5546],[-3.34518,6.78089,-6.60123],false,[11.4689,181.033,-56.8331],[7.57553,126.985,-31.3987],[13.7923,86.2097,-34.4091],[9.98408,63.9847,-25.0912],[3.49218,54.5803,-13.7167],[[[0.843463,0.177788,0.506914],[0.533235,-0.391351,-0.750003],[0.06504,0.902904,-0.424893]],[[0.832728,0.0865888,0.546869],[0.532884,0.142824,-0.834048],[-0.150325,0.985953,0.0727921]],[[0.832728,0.0865888,0.546869],[0.531225,-0.403386,-0.745037],[0.156087,0.910924,-0.381909]],[[0.832728,0.0865888,0.546869],[0.380061,-0.807644,-0.450848],[0.402637,0.583278,-0.705458]]],2],[1513,[-0.0348215,-0.90127,0.431857],151,55.2793,[30.7802,62.3148,-4.3259],[29.6007,69.084,-7.14517],[0.298631,2.44878,-10.3748],false,[20.6819,181.96,-51.7965],[24.5854,134.971,-26.0021],[35.2727,98.1566,-26.1474],[34.4451,76.7351,-15.883],[29.2938,67.0237,-4.21506],[[[0.801227,0.337712,0.493948],[0.593936,-0.348667,-0.725032],[-0.0726287,0.874289,-0.479941]],[[0.804177,0.231293,0.547542],[0.524952,0.155698,-0.83677],[-0.27879,0.960345,0.00379101]],[[0.804177,0.231293,0.547542],[0.593368,-0.366356,-0.716727],[0.0348215,0.90127,-0.431857]],[[0.804177,0.231293,0.547542],[0.500043,-0.761261,-0.412843],[0.321335,0.605793,-0.727845]]],3],[1514,[0.182566,-0.820766,0.541307],151,43.338,[56.7171,93.7928,1.6578],[54.5586,98.6328,3.48753],[-1.00624,5.1982,0.070327],false,[27.3518,187.114,-42.9614],[38.0726,145.051,-18.6532],[53.8766,119.496,-14.4596],[56.9403,105.723,-5.3757],[54.3251,96.8811,6.18742],[[[0.678213,0.489569,0.548041],[0.70256,-0.213276,-0.678913],[-0.215491,0.84548,-0.488598]],[[0.674066,0.505289,0.538811],[0.523704,0.187508,-0.831008],[-0.520931,0.842332,-0.138229]],[[0.674066,0.505289,0.538811],[0.715754,-0.266508,-0.645499],[-0.182566,0.820766,-0.541307]],[[0.674066,0.505289,0.538811],[0.717192,-0.622311,-0.313631],[0.176834,0.597839,-0.781868]]],4]],[[0,200,0],[235.247,235.247,147.751]]],[124612,43778846227,[[151,"right",[0.0219737,-0.95098,0.308471],[-0.405835,0.273496,0.872065],[7.868,148.99,-33.7888],[-4.58556,7.38609,4.51833],[9.98419,145.601,-36.5123],0,0.220261,0.198178,[[0.966408,-0.197301,0.164705],[0.247651,0.543482,-0.802057],[0.0687322,0.815904,0.574087]],54.6715,[30.2523,381.992,84.164],[14.3299,192.981,-48.8283]]],[[1510,[-0.238308,-0.847352,0.474557],151,44.7156,[-26.6464,116.83,-7.55651],[-28.5291,123.817,-6.41285],[-2.22375,5.3069,1.5533],false,[-11.8437,194.777,-50.9462],[-11.8437,194.777,-50.9462],[-14.0012,161.814,-23.6862],[-20.9726,137.025,-9.80359],[-30.4584,119.77,-5.87045],[[[0.734941,-0.372103,-0.566923],[-0.562406,0.13265,-0.816151],[0.378894,0.918664,-0.111783]],[[0.675396,-0.495724,-0.545983],[-0.735732,-0.402374,-0.544787],[0.0503744,0.769645,-0.636482]],[[0.675396,-0.495724,-0.545983],[-0.697889,-0.190402,-0.690433],[0.238308,0.847352,-0.474557]],[[0.675396,-0.495724,-0.545983],[-0.566287,0.12563,-0.814578],[0.472397,0.859346,-0.195872]]],0],[1511,[-0.156247,-0.830989,0.533895],151,50.4566,[-15.5368,58.6683,-12.1434],[-15.2865,65.9869,-15.7875],[1.48556,5.70781,-5.31561],false,[1.48932,182.456,-60.1153],[-10.535,124.983,-36.9491],[-7.78778,88.23,-36.2926],[-11.028,70.9969,-25.2206],[-15.742,64.7946,-12.8026],[[[0.904401,-0.0173698,0.426331],[0.381802,-0.413131,-0.826771],[0.190491,0.910506,-0.367004]],[[0.919115,0.0756082,0.386666],[0.386875,0.0124458,-0.922048],[-0.0745268,0.99706,-0.0178118]],[[0.919115,0.0756082,0.386666],[0.361682,-0.551126,-0.751962],[0.156247,0.830989,-0.533895]],[[0.919115,0.0756082,0.386666],[0.227643,-0.902927,-0.364557],[0.321567,0.423092,-0.847106]]],1],[1512,[-0.152274,-0.912674,0.37926],151,57.4912,[7.2695,50.1321,-11.9685],[4.30418,56.7083,-16.6568],[2.42967,4.21593,-5.9916],false,[11.4027,181.211,-56.6818],[7.48457,127.113,-31.3566],[13.8179,86.3631,-34.4543],[10.1027,64.0954,-25.2009],[3.66539,54.6187,-13.8556],[[[0.843394,0.176488,0.507483],[0.533294,-0.39003,-0.750649],[0.0654535,0.90373,-0.423069]],[[0.833062,0.0879573,0.546142],[0.531559,0.146036,-0.834337],[-0.153142,0.985361,0.0749025]],[[0.833062,0.0879573,0.546142],[0.531809,-0.399111,-0.74692],[0.152274,0.912674,-0.37926]],[[0.833062,0.0879573,0.546142],[0.382894,-0.804237,-0.454526],[0.399249,0.587763,-0.703658]]],2],[1513,[-0.0320625,-0.904056,0.42621],151,55.2793,[30.78,62.319,-4.32765],[29.6679,69.1105,-7.32192],[1.46339,0.289436,-11.0639],false,[20.6148,182.125,-51.6409],[24.4957,135.084,-25.9397],[35.2196,98.2805,-26.2336],[34.4576,76.7927,-16.1034],[29.3623,66.9656,-4.508],[[[0.801215,0.336452,0.494827],[0.594003,-0.347416,-0.725577],[-0.0722107,0.875272,-0.478209]],[[0.804116,0.229929,0.548206],[0.524539,0.159522,-0.836308],[-0.279743,0.960044,0.00766748]],[[0.804116,0.229929,0.548206],[0.593607,-0.360299,-0.719594],[0.0320625,0.904056,-0.42621]],[[0.804116,0.229929,0.548206],[0.50237,-0.755875,-0.419853],[0.317839,0.613013,-0.723321]]],3],[1514,[0.186045,-0.821236,0.539406],151,43.338,[56.7021,93.8387,1.67411],[54.5926,98.728,3.4797],[1.58191,4.48252,-0.281414],false,[27.2841,187.26,-42.7939],[37.9845,145.144,-18.5672],[53.8611,119.625,-14.4292],[56.9832,105.844,-5.37723],[54.4211,96.9673,6.17104],[[[0.678239,0.488241,0.549193],[0.702661,-0.212154,-0.67916],[-0.21508,0.846529,-0.486959]],[[0.673458,0.506329,0.538596],[0.5221,0.190003,-0.831451],[-0.523323,0.841148,-0.136395]],[[0.673458,0.506329,0.538596],[0.715431,-0.263064,-0.647268],[-0.186045,0.821236,-0.539406]],[[0.673458,0.506329,0.538596],[0.718639,-0.619186,-0.316491],[0.173242,0.6002,-0.780863]]],4]],[[0,200,0],[235.247,235.247,147.751]]],[124613,43778869514,[[151,"right",[0.0206213,-0.949508,0.313066],[-0.406791,0.278073,0.870171],[7.84669,148.982,-34.0735],[-2.51455,3.00924,-4.92844],[9.97277,145.619,-36.4993],0,0.218178,0.186892,[[0.966391,-0.198564,0.163283],[0.247298,0.544517,-0.801464],[0.0702315,0.814907,0.575321]],54.6715,[30.642,381.674,83.963],[14.3722,192.894,-49.315]]],[[1510,[-0.238925,-0.844934,0.478541],151,44.7156,[-26.6594,116.885,-7.55199],[-28.5623,123.971,-6.63692],[-1.37218,6.06201,-4.31598],false,[-11.7966,194.704,-51.4783],[-11.7966,194.704,-51.4783],[-13.9857,161.879,-24.0541],[-20.9752,137.162,-10.055],[-30.4793,119.93,-6.063],[[[0.735374,-0.375529,-0.564096],[-0.561134,0.129268,-0.817569],[0.37994,0.917752,-0.115662]],[[0.675936,-0.498531,-0.542749],[-0.735186,-0.405072,-0.543525],[0.0511118,0.76641,-0.640315]],[[0.675936,-0.498531,-0.542749],[-0.697155,-0.193787,-0.690233],[0.238925,0.844934,-0.478541]],[[0.675936,-0.498531,-0.542749],[-0.564881,0.122511,-0.816028],[0.473308,0.858171,-0.198801]]],0],[1511,[-0.155426,-0.828747,0.537608],151,50.4566,[-15.5311,58.7165,-12.1652],[-15.2843,66.0941,-15.704],[1.21911,4.60592,-0.538479],false,[1.53728,182.327,-60.5694],[-10.575,124.977,-37.1443],[-7.78294,88.231,-36.3167],[-11.0062,71.0444,-25.1677],[-15.7179,64.894,-12.7231],[[[0.903786,-0.0161904,0.427679],[0.382559,-0.417466,-0.82424],[0.191886,0.908548,-0.371106]],[[0.918856,0.0785272,0.386701],[0.387255,0.0086601,-0.921932],[-0.0757456,0.996874,-0.0224527]],[[0.918856,0.0785272,0.386701],[0.362694,-0.554087,-0.749293],[0.155426,0.828747,-0.537608]],[[0.918856,0.0785272,0.386701],[0.228905,-0.904328,-0.360269],[0.321413,0.419553,-0.848922]]],1],[1512,[-0.147899,-0.912009,0.382578],151,57.4912,[7.26055,50.164,-11.9894],[4.49238,56.7643,-16.504],[7.09877,2.39063,0.37933],false,[11.4446,181.089,-57.116],[7.43869,127.117,-31.5368],[13.9154,86.3745,-34.4332],[10.3069,64.1231,-25.0989],[3.92814,54.6401,-13.7257],[[[0.842853,0.178113,0.507814],[0.533967,-0.394145,-0.748017],[0.0669205,0.901624,-0.427312]],[[0.833002,0.0936545,0.545285],[0.530642,0.143737,-0.83532],[-0.156609,0.985174,0.0700365]],[[0.833002,0.0936545,0.545285],[0.533135,-0.399336,-0.745854],[0.147899,0.912009,-0.382578]],[[0.833002,0.0936545,0.545285],[0.386772,-0.803311,-0.452879],[0.395619,0.58815,-0.705383]]],2],[1513,[-0.0315902,-0.90246,0.429614],151,55.2793,[30.7799,62.3231,-4.32925],[29.6457,69.1965,-7.20123],[-0.0222089,1.73517,-2.33172],false,[20.6505,182.018,-52.0667],[24.4499,135.097,-26.1343],[35.1714,98.292,-26.2304],[34.4205,76.8421,-16.0193],[29.338,67.0371,-4.39965],[[[0.800847,0.338055,0.494331],[0.594682,-0.351469,-0.723065],[-0.0706939,0.873034,-0.482509]],[[0.803593,0.232659,0.547821],[0.525374,0.155228,-0.836592],[-0.279678,0.960091,0.00250736]],[[0.803593,0.232659,0.547821],[0.59434,-0.362541,-0.717861],[0.0315902,0.90246,-0.429614]],[[0.803593,0.232659,0.547821],[0.503706,-0.756155,-0.417744],[0.317045,0.611637,-0.724833]]],3],[1514,[0.188196,-0.818624,0.542621],151,43.338,[56.687,93.8876,1.69086],[54.6067,98.888,3.47756],[2.05446,5.58045,-0.597298],false,[27.3124,187.189,-43.235],[37.9381,145.18,-18.7912],[53.8532,119.705,-14.5287],[57.0114,105.968,-5.42276],[54.4859,97.1247,6.1592],[[[0.677941,0.490222,0.547794],[0.703406,-0.21609,-0.677145],[-0.213579,0.844386,-0.491322]],[[0.672721,0.509981,0.536065],[0.521777,0.186696,-0.832402],[-0.524591,0.839681,-0.140503]],[[0.672721,0.509981,0.536065],[0.715562,-0.264147,-0.646682],[-0.188196,0.818624,-0.542621]],[[0.672721,0.509981,0.536065],[0.71992,-0.618378,-0.315155],[0.170768,0.597936,-0.783142]]],4]],[[0,200,0],[235.247,235.247,147.751]]],[124614,43778893365,[[151,"right",[0.0223937,-0.94841,0.316253],[-0.40799,0.280124,0.86895],[7.69261,148.842,-34.287],[-4.77494,-2.07263,-7.23231],[9.9649,145.63,-36.4916],0,0.216274,0.19127,[[0.966612,-0.199827,0.160405],[0.245691,0.544963,-0.801655],[0.0727776,0.8143,0.575864]],54.6715,[30.9963,381.356,83.7332],[14.1367,192.716,-49.6707]]],[[1510,[-0.236092,-0.844035,0.481524],151,44.7156,[-26.6648,116.908,-7.55058],[-28.5997,123.84,-6.80199],[-0.761396,-0.542943,-5.25046],false,[-12.0344,194.464,-51.8583],[-12.0344,194.464,-51.8583],[-14.1098,161.735,-24.3123],[-21.0164,137.043,-10.2258],[-30.4765,119.796,-6.19618],[[[0.73656,-0.375865,-0.562321],[-0.560825,0.125354,-0.818389],[0.378093,0.918157,-0.118464]],[[0.677812,-0.498117,-0.540787],[-0.733637,-0.409737,-0.542118],[0.0484573,0.764196,-0.643162]],[[0.677812,-0.498117,-0.540787],[-0.696299,-0.198707,-0.689698],[0.236092,0.844035,-0.481524]],[[0.677812,-0.498117,-0.540787],[-0.564465,0.118752,-0.81687],[0.471116,0.85894,-0.200678]]],0],[1511,[-0.151451,-0.828065,0.539788],151,50.4566,[-15.5226,58.7753,-12.1921],[-15.137,65.9652,-15.6692],[4.60425,-1.67741,0.156159],false,[1.33194,182.085,-60.8986],[-10.6765,124.789,-37.2904],[-7.72052,88.0577,-36.359],[-10.8613,70.8852,-25.1648],[-15.5404,64.7445,-12.7031],[[[0.903514,-0.0128605,0.428365],[0.384019,-0.419413,-0.822571],[0.19024,0.907704,-0.374007]],[[0.91862,0.0837197,0.386172],[0.38692,0.00775522,-0.922081],[-0.0801912,0.996459,-0.0252688]],[[0.91862,0.0837197,0.386172],[0.364967,-0.554346,-0.747997],[0.151451,0.828065,-0.539788]],[[0.91862,0.0837197,0.386172],[0.232935,-0.904167,-0.358083],[0.319186,0.418895,-0.850087]]],1],[1512,[-0.142361,-0.911344,0.386245],151,57.4912,[7.25149,50.2016,-12.0133],[4.75186,56.6733,-16.3495],[9.80222,-1.43019,4.28506],false,[11.2394,180.879,-57.4341],[7.32873,126.985,-31.6774],[14.0072,86.2616,-34.3772],[10.5338,64.0264,-24.9535],[4.22643,54.5364,-13.5463],[[[0.842117,0.181581,0.507806],[0.535323,-0.395519,-0.74632],[0.0653293,0.900329,-0.430278]],[[0.832928,0.10052,0.544175],[0.529294,0.142252,-0.836428],[-0.161487,0.984713,0.065281]],[[0.832928,0.10052,0.544175],[0.534756,-0.399184,-0.744774],[0.142361,0.911344,-0.386245]],[[0.832928,0.10052,0.544175],[0.391407,-0.802166,-0.450922],[0.391192,0.588579,-0.707491]]],2],[1513,[-0.0280627,-0.901382,0.432114],151,55.2793,[30.7796,62.3353,-4.33396],[29.7532,69.1871,-7.12955],[2.53601,0.24391,0.514871],false,[20.4397,181.845,-52.3815],[24.3194,135.019,-26.2898],[35.1558,98.2473,-26.242],[34.4888,76.8231,-15.9714],[29.4553,67.0159,-4.33228],[[[0.799785,0.341389,0.493759],[0.595931,-0.352633,-0.721468],[-0.0721856,0.871266,-0.485475]],[[0.802742,0.237277,0.547088],[0.52507,0.153649,-0.837074],[-0.282678,0.959214,-0.00124683]],[[0.802742,0.237277,0.547088],[0.595666,-0.362229,-0.716918],[0.0280627,0.901382,-0.432114]],[[0.802742,0.237277,0.547088],[0.506968,-0.754609,-0.416592],[0.31399,0.611772,-0.726048]]],3],[1514,[0.192109,-0.816155,0.544964],151,43.338,[56.6717,93.9399,1.70818],[54.6309,98.999,3.45635],[1.9973,4.87401,-0.908088],false,[27.0845,187.059,-43.5625],[37.7811,145.154,-18.971],[53.7908,119.755,-14.6139],[57.0146,106.059,-5.46866],[54.5454,97.2321,6.1376],[[[0.676522,0.493475,0.546626],[0.704338,-0.216873,-0.675925],[-0.215004,0.842288,-0.494292]],[[0.670902,0.514498,0.534025],[0.520975,0.185455,-0.833182],[-0.527708,0.837196,-0.143618]],[[0.670902,0.514498,0.534025],[0.71623,-0.263026,-0.646399],[-0.192109,0.816155,-0.544964]],[[0.670902,0.514498,0.534025],[0.722506,-0.615675,-0.314531],[0.16696,0.596855,-0.784785]]],4]],[[0,200,0],[235.247,235.247,147.751]]],[124615,43778917400,[[151,"right",[0.0237276,-0.947571,0.318662],[-0.408903,0.281671,0.86802],[7.57616,148.736,-34.4483],[-4.81537,-3.41019,-6.93307],[9.95857,145.639,-36.4862],0,0.213647,0.202452,[[0.966778,-0.200761,0.158226],[0.244464,0.545323,-0.801786],[0.0746831,0.813829,0.576285]],54.6715,[31.2599,381.112,83.562],[13.9589,192.582,-49.9394]]],[[1510,[-0.233948,-0.843394,0.483688],151,44.7156,[-26.6678,116.92,-7.54999],[-28.6222,123.739,-6.93151],[-0.353871,-2.61914,-4.9203],false,[-12.2137,194.283,-52.1455],[-12.2137,194.283,-52.1455],[-14.1988,161.625,-24.5071],[-21.0427,136.953,-10.3574],[-30.4703,119.693,-6.30288],[[[0.737459,-0.376115,-0.560974],[-0.560581,0.122394,-0.819004],[0.3767,0.918454,-0.120582]],[[0.67927,-0.497722,-0.539319],[-0.732424,-0.413348,-0.541017],[0.0463496,0.762506,-0.645319]],[[0.67927,-0.497722,-0.539319],[-0.695601,-0.202382,-0.689334],[0.233948,0.843394,-0.483688]],[[0.67927,-0.497722,-0.539319],[-0.564062,0.116054,-0.817536],[0.469496,0.859537,-0.201914]]],0],[1511,[-0.148065,-0.827659,0.541347],151,50.4566,[-15.5115,58.842,-12.223],[-15.0029,65.867,-15.6443],[5.5738,-3.55575,0.291216],false,[1.17713,181.902,-61.1474],[-10.7531,124.646,-37.4008],[-7.6621,87.9285,-36.3913],[-10.7327,70.7645,-25.1648],[-15.3825,64.6263,-12.6909],[[[0.903302,-0.0103431,0.42888],[0.385128,-0.420881,-0.821302],[0.189002,0.907057,-0.376199]],[[0.918455,0.0879206,0.38563],[0.386534,0.00718512,-0.922247],[-0.0838553,0.996102,-0.0273851]],[[0.918455,0.0879206,0.38563],[0.366766,-0.554302,-0.74715],[0.148065,0.827659,-0.541347]],[[0.918455,0.0879206,0.38563],[0.236284,-0.903849,-0.356688],[0.317191,0.41872,-0.850919]]],1],[1512,[-0.135296,-0.912013,0.387205],151,57.4912,[7.24244,50.2507,-12.0451],[5.09803,56.5751,-16.2903],[13.6671,-3.72563,2.42412],false,[11.0846,180.721,-57.6745],[7.24555,126.886,-31.7837],[14.1567,86.194,-34.3778],[10.8557,63.9425,-24.9307],[4.64579,54.3924,-13.5202],[[[0.841553,0.184201,0.507797],[0.536353,-0.396554,-0.745031],[0.0641332,0.899342,-0.432518]],[[0.833025,0.106879,0.542813],[0.527391,0.142965,-0.837508],[-0.167115,0.98394,0.0627262]],[[0.833025,0.106879,0.542813],[0.536437,-0.395992,-0.745269],[0.135296,0.912013,-0.387205]],[[0.833025,0.106879,0.542813],[0.397152,-0.798589,-0.452245],[0.385149,0.592311,-0.707692]]],2],[1513,[-0.0245693,-0.900401,0.434366],151,55.2793,[30.7795,62.3526,-4.3404],[29.878,69.1844,-7.04918],[4.13095,-0.170985,2.31555],false,[20.2807,181.713,-52.6194],[24.2205,134.96,-26.4073],[35.1588,98.2189,-26.2204],[34.5748,76.818,-15.8963],[29.5952,67.0025,-4.24101],[[[0.798976,0.343905,0.493323],[0.596879,-0.353509,-0.720255],[-0.0733056,0.86992,-0.487715]],[[0.802105,0.241578,0.546139],[0.524606,0.151923,-0.83768],[-0.285336,0.958415,-0.00487547]],[[0.802105,0.241578,0.546139],[0.596678,-0.361825,-0.716281],[0.0245693,0.900401,-0.434366]],[[0.802105,0.241578,0.546139],[0.510037,-0.752821,-0.416081],[0.310629,0.612292,-0.727055]]],3],[1514,[0.196117,-0.814688,0.54573],151,43.338,[56.6585,93.9882,1.72337],[54.686,99.0773,3.41165],[2.78888,3.54555,-1.96867],false,[26.9124,186.96,-43.8101],[37.6622,145.135,-19.1069],[53.755,119.797,-14.6994],[57.0461,106.126,-5.54129],[54.6413,97.2922,6.07344],[[[0.675443,0.495928,0.54574],[0.705046,-0.217462,-0.674997],[-0.216073,0.840693,-0.496535]],[[0.669526,0.517869,0.532491],[0.51996,0.18519,-0.833875],[-0.530449,0.835175,-0.145281]],[[0.669526,0.517869,0.532491],[0.716431,-0.26095,-0.647018],[-0.196117,0.814688,-0.54573]],[[0.669526,0.517869,0.532491],[0.724771,-0.612405,-0.315701],[0.162609,0.597304,-0.785358]]],4]],[[0,200,0],[235.247,235.247,147.751]]],[124616,43778941292,[[151,"right",[0.0121437,-0.948876,0.315417],[-0.40511,0.283724,0.86913],[8.26069,149.333,-34.5544],[14.3779,12.8767,-5.5024],[9.95047,145.656,-36.477],0,0.212457,0.145185,[[0.965744,-0.200874,0.164281],[0.249777,0.54793,-0.798364],[0.0703564,0.812048,0.579334]],54.6715,[31.4773,381.267,84.3096],[15.1786,193.149,-49.8981]]],[[1510,[-0.243693,-0.842101,0.481124],151,44.7156,[-26.6727,116.951,-7.54942],[-28.2059,124.69,-7.11351],[9.90799,21.6971,-6.2081],false,[-10.9717,195.181,-52.0885],[-10.9717,195.181,-52.0885],[-13.3324,162.459,-24.5556],[-20.4614,137.825,-10.4809],[-30.0997,120.667,-6.48833],[[[0.732578,-0.383262,-0.56253],[-0.559301,0.132098,-0.818372],[0.38796,0.914145,-0.117587]],[[0.673005,-0.50403,-0.541311],[-0.737581,-0.402809,-0.541958],[0.0551185,0.764001,-0.642856]],[[0.673005,-0.50403,-0.541311],[-0.698339,-0.191885,-0.689567],[0.243693,0.842101,-0.481124]],[[0.673005,-0.50403,-0.541311],[-0.562736,0.126011,-0.816976],[0.479992,0.854444,-0.19883]]],0],[1511,[-0.156085,-0.828247,0.538187],151,50.4566,[-15.5024,58.9158,-12.2575],[-15.2224,66.678,-16.0292],[-2.59414,17.2747,-9.326],false,[2.26237,182.666,-61.1376],[-10.3653,125.482,-37.5822],[-7.66591,88.7295,-36.7027],[-10.9028,71.5532,-25.5417],[-15.6007,65.4074,-13.0896],[[[0.903248,-0.0229489,0.428505],[0.379635,-0.422788,-0.822878],[0.200051,0.905938,-0.373171]],[[0.919764,0.076767,0.384891],[0.385579,0.00624004,-0.922654],[-0.0732311,0.99703,-0.0238604]],[[0.919764,0.076767,0.384891],[0.3601,-0.55508,-0.749809],[0.156085,0.828247,-0.538187]],[[0.919764,0.076767,0.384891],[0.226572,-0.904622,-0.361005],[0.320467,0.419245,-0.849432]]],1],[1512,[-0.141985,-0.912207,0.384343],151,57.4912,[7.23337,50.2974,-12.0755],[4.90946,57.1285,-16.6657],[1.95004,11.0108,-7.75565],false,[12.1557,181.351,-57.6725],[7.66147,127.479,-31.9642],[14.1923,86.7309,-34.6494],[10.7281,64.4746,-25.2721],[4.47405,54.9151,-13.8938],[[[0.84393,0.172071,0.508108],[0.531174,-0.400589,-0.74658],[0.0750777,0.899955,-0.429469]],[[0.835003,0.0981505,0.541421],[0.527097,0.139716,-0.838241],[-0.157919,0.985315,0.0649287]],[[0.835003,0.0981505,0.541421],[0.531611,-0.397801,-0.74776],[0.141985,0.912207,-0.384343]],[[0.835003,0.0981505,0.541421],[0.390272,-0.799274,-0.457],[0.387888,0.592898,-0.705702]]],2],[1513,[-0.0322413,-0.901594,0.43138],151,55.2793,[30.7793,62.3649,-4.34544],[29.7669,69.4181,-7.39485],[-0.525,5.00007,-7.05089],false,[21.365,182.213,-52.6175],[24.7365,135.325,-26.5666],[35.2885,98.4712,-26.4553],[34.5222,77.042,-16.2022],[29.4872,67.2101,-4.58454],[[[0.80332,0.332337,0.494195],[0.592234,-0.358379,-0.721681],[-0.0627318,0.87242,-0.484714]],[[0.805282,0.232216,0.545524],[0.525122,0.147822,-0.83809],[-0.275259,0.961366,-0.00290352]],[[0.805282,0.232216,0.545524],[0.592015,-0.364971,-0.71855],[0.0322413,0.901594,-0.43138]],[[0.805282,0.232216,0.545524],[0.502865,-0.754933,-0.420954],[0.314082,0.613312,-0.724708]]],3],[1514,[0.187813,-0.818429,0.543047],151,43.338,[56.6518,94.0151,1.73056],[54.8355,98.9937,3.13021],[5.04169,-0.676225,-7.37125],false,[28.0638,187.348,-43.7928],[38.3051,145.309,-19.2366],[54.1139,119.78,-14.9057],[57.2657,106.046,-5.79261],[54.7841,97.1978,5.79513],[[[0.68169,0.485692,0.547177],[0.702086,-0.223832,-0.675999],[-0.205851,0.844987,-0.493581]],[[0.675725,0.508917,0.533292],[0.521405,0.181429,-0.833799],[-0.521089,0.841479,-0.142755]],[[0.675725,0.508917,0.533292],[0.712827,-0.266791,-0.648614],[-0.187813,0.818429,-0.543047]],[[0.675725,0.508917,0.533292],[0.717802,-0.618937,-0.318867],[0.167797,0.598265,-0.783533]]],4]],[[0,200,0],[235.247,235.247,147.751]]],[124617,43778965717,[[151,"right",[0.012622,-0.949169,0.314513],[-0.405415,0.282667,0.869332],[8.2256,149.342,-34.57],[5.18116,5.61107,-2.67483],[9.93961,145.679,-36.465],0,0.210956,0.171935,[[0.965695,-0.201272,0.164082],[0.249867,0.548154,-0.798182],[0.07071,0.811798,0.579641]],54.6715,[31.5022,381.237,84.4081],[15.1216,193.177,-49.8707]]],[[1510,[-0.242836,-0.842703,0.480503],151,44.7156,[-26.6793,116.993,-7.54884],[-28.2037,124.651,-7.16118],[4.29615,8.22483,-3.46129],false,[-11.0295,195.196,-52.0637],[-11.0295,195.196,-52.0637],[-13.36,162.45,-24.5578],[-20.4639,137.797,-10.5012],[-30.0907,120.629,-6.52935],[[[0.732887,-0.382314,-0.562772],[-0.559237,0.132566,-0.81834],[0.387468,0.914474,-0.116649]],[[0.67348,-0.502956,-0.541719],[-0.7372,-0.403049,-0.542299],[0.0544141,0.764583,-0.642225]],[[0.67348,-0.502956,-0.541719],[-0.69818,-0.192061,-0.68968],[0.242836,0.842703,-0.480503]],[[0.67348,-0.502956,-0.541719],[-0.562657,0.126496,-0.816956],[0.479418,0.855005,-0.197799]]],0],[1511,[-0.154332,-0.829208,0.537212],151,50.4566,[-15.4953,58.9678,-12.2825],[-15.1335,66.6534,-16.1248],[1.06851,6.34881,-6.24824],false,[2.21309,182.698,-61.1224],[-10.3865,125.483,-37.6237],[-7.62543,88.7352,-36.7749],[-10.826,71.539,-25.6341],[-15.5061,65.3636,-13.1899],[[[0.903189,-0.0228523,0.428635],[0.38001,-0.42179,-0.823217],[0.199606,0.906405,-0.372272]],[[0.919774,0.0779929,0.384621],[0.385234,0.00762864,-0.922787],[-0.074905,0.996925,-0.0230289]],[[0.919774,0.0779929,0.384621],[0.360829,-0.553473,-0.750647],[0.154332,0.829208,-0.537212]],[[0.919774,0.0779929,0.384621],[0.228232,-0.903581,-0.362563],[0.319259,0.421258,-0.848891]]],1],[1512,[-0.138376,-0.912573,0.38479],151,57.4912,[7.22491,50.3495,-12.1093],[5.12281,57.1162,-16.6797],[5.9499,4.25278,-2.6771],false,[12.1065,181.385,-57.6569],[7.63819,127.486,-32.0008],[14.2773,86.7518,-34.6372],[10.9012,64.4866,-25.249],[4.70239,54.8922,-13.8697],[[[0.843748,0.172059,0.508415],[0.531524,-0.399579,-0.746873],[0.074646,0.900407,-0.428597]],[[0.835335,0.101177,0.54035],[0.525778,0.139997,-0.839022],[-0.160537,0.984969,0.0637478]],[[0.835335,0.101177,0.54035],[0.53204,-0.3962,-0.748304],[0.138376,0.912573,-0.38479]],[[0.835335,0.101177,0.54035],[0.392947,-0.797287,-0.458176],[0.384457,0.59506,-0.705759]]],2],[1513,[-0.0276069,-0.901639,0.431607],151,55.2793,[30.7796,62.3859,-4.35398],[30.0055,69.4343,-7.40443],[6.12445,2.50944,-2.44523],false,[21.3145,182.247,-52.5995],[24.7079,135.336,-26.5928],[35.3875,98.5191,-26.4393],[34.7313,77.0888,-16.1808],[29.7708,67.2189,-4.56336],[[[0.803051,0.332315,0.494648],[0.592556,-0.357358,-0.721922],[-0.0631388,0.872847,-0.483892]],[[0.805165,0.235825,0.544147],[0.523544,0.148367,-0.838981],[-0.278586,0.960403,-0.00400492]],[[0.805165,0.235825,0.544147],[0.592408,-0.362537,-0.719458],[0.0276069,0.901639,-0.431607]],[[0.805165,0.235825,0.544147],[0.505923,-0.751878,-0.422754],[0.309436,0.615683,-0.724695]]],3],[1514,[0.189963,-0.818227,0.542603],151,43.338,[56.6469,94.0362,1.7361],[54.8985,99.0228,3.09334],[3.84113,0.416871,-3.65594],false,[28.009,187.377,-43.7688],[38.2697,145.32,-19.251],[54.1229,119.819,-14.9178],[57.3107,106.088,