{"metadata":{"formatVersion":2,"generatedBy":"LeapJS Playback 0.2.1","frames":100,"protocolVersion":6,"serviceVersion":"2.3.1+31549","frameRate":"62","modified":"Sat Sep 19 2015 23:02:32 GMT-0400 (EDT)"},"frames":[["id","timestamp",{"hands":[["id","type","direction","palmNormal","palmPosition","palmVelocity","stabilizedPalmPosition","pinchStrength","grabStrength","confidence","armBasis","armWidth","elbow","wrist"]]},{"pointables":[["id","direction","handId","length","stabilizedTipPosition","tipPosition","tipVelocity","tool","carpPosition","mcpPosition","pipPosition","dipPosition","btipPosition","bases","type"]]},{"interactionBox":["center","size"]}],[40612,690359104,[[46,"right",[-0.256858,0.381724,-0.887869],[-0.370556,-0.887379,-0.274312],[12.0441,83.696,47.5381],[-43.0739,19.3404,-7.33935],[15.529,81.1661,50.3761],0,0,1,[[0.929521,-0.338785,0.145657],[0.322756,0.938448,0.123058],[-0.178382,-0.0673731,0.981652]],57.6505,[-11.378,50.2735,329.24],[32.1974,66.7316,89.4408]]],[[460,[-0.446784,0.0341467,-0.89399],46,47.1521,[-41.1756,73.4419,19.8817],[-46.4153,75.9254,26.0577],[-106.23,50.1683,127.896],false,[6.34971,63.5475,99.0365],[6.34971,63.5475,99.0365],[-24.4113,73.4619,67.4906],[-38.1936,74.5152,39.9129],[-49.5963,76.6736,22.2021],[[[0.640489,0.764144,-0.0765377],[-0.452388,0.455951,0.766455],[0.620579,-0.456281,0.637722]],[[0.490718,0.84489,-0.212972],[-0.543398,0.487822,0.68319],[0.681113,-0.219525,0.698494]],[[0.490718,0.84489,-0.212972],[-0.74805,0.53385,0.39424],[0.446784,-0.0341467,0.89399]],[[0.490718,0.84489,-0.212972],[-0.684979,0.525139,0.505007],[0.538516,-0.101935,0.836427]]],0],[461,[-0.386397,0.0538813,-0.920757],46,53.2059,[-39.6517,108.36,-30.338],[-40.2897,108.371,-30.0363],[-251.882,117.332,137.422],false,[16.9318,81.0549,92.5983],[-13.2599,99.921,36.3576],[-26.5926,108.2,0.796525],[-35.0424,109.378,-19.3387],[-41.4312,108.248,-33.3694],[[[0.836789,-0.190784,-0.513211],[0.306664,0.939822,0.15064],[0.453588,-0.283437,0.844939]],[[0.892717,-0.229097,-0.388036],[0.292238,0.949817,0.111551],[0.343007,-0.212983,0.914869]],[[0.892717,-0.229097,-0.388036],[0.231851,0.971911,-0.0404215],[0.386397,-0.0538813,0.920757]],[[0.892717,-0.229097,-0.388036],[0.179567,0.970653,-0.159963],[0.413295,0.0731232,0.907656]]],1],[462,[-0.359905,0.0597834,-0.931072],46,60.6239,[-21.5167,107.302,-46.9804],[-21.9929,107.143,-46.8523],[-287.03,142.944,84.7826],false,[26.3842,80.5508,86.7241],[5.22424,96.5417,29.4442],[-6.81389,106.887,-11.1737],[-16.0734,108.425,-35.1281],[-23.1708,106.98,-50.5101],[[[0.825755,-0.384726,-0.412449],[0.453602,0.887586,0.0802207],[0.335221,-0.253331,0.907442]],[[0.845783,-0.400366,-0.352644],[0.456563,0.885114,0.0901285],[0.276046,-0.237233,0.931407]],[[0.845783,-0.400366,-0.352644],[0.393852,0.914403,-0.09353],[0.359905,-0.0597834,0.931072]],[[0.845783,-0.400366,-0.352644],[0.332252,0.912406,-0.239005],[0.417444,0.0849798,0.90472]]],2],[463,[-0.212313,0.0470974,-0.976066],46,58.2915,[10.6301,97.4566,-48.8815],[10.0464,96.557,-48.7984],[-264.859,171.35,-11.0241],false,[35.638,77.2067,81.5541],[24.3726,89.2016,27.3223],[19.5379,97.3738,-11.9704],[14.2167,98.5542,-36.4339],[9.44403,97.2081,-52.5945],[[[0.829526,-0.48362,-0.279282],[0.521894,0.849303,0.0794345],[0.198779,-0.211649,0.956918]],[[0.842033,-0.498049,-0.20719],[0.526,0.843254,0.110663],[0.119598,-0.202164,0.972021]],[[0.842033,-0.498049,-0.20719],[0.495886,0.865869,-0.0660847],[0.212313,-0.0470974,0.976066]],[[0.842033,-0.498049,-0.20719],[0.459639,0.863485,-0.207666],[0.282333,0.0796285,0.956006]]],3],[464,[-0.21886,-0.208651,-0.953187],46,45.6994,[33.1459,68.5453,-32.0269],[30.4118,69.7515,-32.8449],[-226.403,139.799,-97.7989],false,[43.2727,67.6182,77.6069],[40.4226,78.3973,26.3434],[38.7793,77.8419,-5.60063],[34.9064,74.1496,-22.468],[29.6583,68.7713,-36.1331],[[[0.749246,-0.638503,-0.175912],[0.66006,0.741686,0.119256],[0.0543263,-0.205465,0.977155]],[[0.748898,-0.662135,-0.0270129],[0.660692,0.749184,-0.0470154],[0.0513681,0.0173625,0.998529]],[[0.748898,-0.662135,-0.0270129],[0.625502,0.719751,-0.301173],[0.21886,0.208651,0.953187]],[[0.748898,-0.662135,-0.0270129],[0.57088,0.665312,-0.481099],[0.336525,0.344873,0.87625]]],4]],[[0,200,0],[235.247,235.247,147.751]]],[40613,690377602,[[46,"right",[-0.291542,0.39914,-0.869305],[-0.377236,-0.883104,-0.278962],[11.0936,83.8984,47.7276],[-47.087,15.2858,1.15553],[15.3864,81.254,50.2909],0,0,1,[[0.930151,-0.335564,0.149053],[0.319696,0.939796,0.120738],[-0.180594,-0.064653,0.98143]],57.6505,[-11.2418,50.3552,328.22],[32.8741,66.1488,88.475]]],[[460,[-0.480463,0.0517084,-0.875489],46,47.1521,[-42.2785,73.9105,21.1623],[-48.1104,76.3553,28.3085],[-98.3429,37.2937,125.384],false,[7.41812,62.6445,98.9647],[7.41812,62.6445,98.9647],[-24.5525,73.1207,68.8349],[-39.3738,74.7158,41.8279],[-51.4036,77.1786,24.5776],[[[0.634241,0.768525,-0.0843096],[-0.424956,0.437632,0.792396],[0.645872,-0.466742,0.604153]],[[0.479609,0.851256,-0.212929],[-0.518514,0.470698,0.713854],[0.707897,-0.231964,0.667139]],[[0.479609,0.851256,-0.212929],[-0.734255,0.522197,0.433797],[0.480463,-0.0517084,0.875489]],[[0.479609,0.851256,-0.212929],[-0.668733,0.511698,0.539409],[0.56813,-0.116313,0.814677]]],0],[461,[-0.42249,0.0675225,-0.903849],46,53.2059,[-43.5292,109.782,-27.6651],[-44.2407,109.871,-27.2669],[-234.795,98.1352,143.603],false,[17.6837,80.3321,92.5064],[-14.6748,100.239,37.8516],[-29.3865,109.22,3.01226],[-38.6256,110.697,-16.7532],[-45.5621,109.718,-30.5329],[[[0.817602,-0.176087,-0.548197],[0.308535,0.937844,0.158916],[0.486141,-0.299068,0.821112]],[[0.878106,-0.21659,-0.426637],[0.292712,0.948523,0.120926],[0.378484,-0.231067,0.896302]],[[0.878106,-0.21659,-0.426637],[0.224572,0.973925,-0.0322151],[0.42249,-0.0675225,0.903849]],[[0.878106,-0.21659,-0.426637],[0.166047,0.974206,-0.152813],[0.44873,0.0633441,0.89142]]],1],[462,[-0.395074,0.0775451,-0.915371],46,60.6239,[-26.0721,109.326,-44.9464],[-26.5576,109.173,-44.7974],[-267.933,126.994,97.2494],false,[26.9102,79.9953,86.2721],[3.5488,97.0906,30.179],[-10.046,108.247,-9.72695],[-20.2103,110.242,-33.2774],[-27.8808,109.079,-48.4062],[[[0.811107,-0.372155,-0.451227],[0.452917,0.887779,0.0819374],[0.370097,-0.270828,0.88864]],[[0.833402,-0.388936,-0.392645],[0.456354,0.885035,0.091951],[0.311741,-0.255817,0.915082]],[[0.833402,-0.388936,-0.392645],[0.386469,0.917995,-0.0890324],[0.395074,-0.0775451,0.915371]],[[0.833402,-0.388936,-0.392645],[0.319227,0.918722,-0.232474],[0.451149,0.0684018,0.889823]]],2],[463,[-0.240076,0.0721775,-0.968067],46,58.2915,[6.65966,100.115,-48.3558],[5.94878,99.1659,-48.2384],[-239.468,157.192,8.08012],false,[35.9756,76.8033,80.6885],[22.6315,89.885,27.1845],[16.6581,99.0541,-11.7298],[10.641,100.863,-35.9928],[5.41211,99.9307,-52.041],[[[0.820263,-0.473812,-0.320423],[0.521277,0.849836,0.077776],[0.235455,-0.230826,0.944076]],[[0.836444,-0.490729,-0.244022],[0.527756,0.84127,0.117211],[0.14777,-0.226825,0.96266]],[[0.836444,-0.490729,-0.244022],[0.492672,0.868317,-0.0574401],[0.240076,-0.0721775,0.968067]],[[0.836444,-0.490729,-0.244022],[0.452418,0.869565,-0.197928],[0.309322,0.0551558,0.949356]]],3],[464,[-0.243718,-0.172867,-0.954316],46,45.6994,[28.8447,71.8939,-33.5011],[26.9144,72.4051,-33.7289],[-205.298,149.137,-76.0661],false,[43.4927,67.3353,76.2551],[38.6744,79.1777,25.3749],[36.0948,79.7468,-6.50702],[31.7821,76.6878,-23.3944],[26.2023,71.8361,-37.125],[[[0.74452,-0.631204,-0.217419],[0.661252,0.742041,0.110091],[0.091844,-0.225734,0.96985]],[[0.749932,-0.65754,-0.0724133],[0.656583,0.75321,-0.0396799],[0.0806335,-0.0177881,0.996585]],[[0.749932,-0.65754,-0.0724133],[0.614983,0.73332,-0.289893],[0.243718,0.172867,0.954316]],[[0.749932,-0.65754,-0.0724133],[0.556404,0.686188,-0.468574],[0.357795,0.311108,0.880451]]],4]],[[0,200,0],[235.247,235.247,147.751]]],[40614,690388409,[[46,"right",[-0.310089,0.4089,-0.85828],[-0.383135,-0.879973,-0.280812],[10.4765,83.9253,47.8585],[-50.2907,11.1912,4.65871],[15.2807,81.3115,50.2386],0,0,1,[[0.929921,-0.335578,0.150445],[0.319933,0.939933,0.119037],[-0.181354,-0.0625632,0.981426]],57.6505,[-11.177,50.4369,327.671],[33.1245,65.72,87.9261]]],[[460,[-0.499345,0.0623859,-0.864154],46,47.1521,[-42.8468,74.1419,21.8361],[-49.139,76.6376,29.6431],[-96.592,34.1092,125.078],false,[7.89902,62.0912,98.9183],[7.89902,62.0912,98.9183],[-24.7173,72.9462,69.6263],[-40.1211,74.8707,42.969],[-52.4838,77.5161,25.9831],[[[0.632299,0.769577,-0.089156],[-0.407881,0.428524,0.806226],[0.658659,-0.473411,0.584851]],[[0.475463,0.85353,-0.213124],[-0.502363,0.462296,0.730694],[0.722195,-0.240353,0.648586]],[[0.475463,0.85353,-0.213124],[-0.724286,0.517296,0.455868],[0.499345,-0.0623859,0.864154]],[[0.475463,0.85353,-0.213124],[-0.658066,0.505844,0.557737],[0.583853,-0.124934,0.802189]]],0],[461,[-0.443613,0.0733419,-0.893212],46,53.2059,[-45.4611,110.37,-26.2778],[-46.4963,110.621,-25.6078],[-228.184,86.7492,147.229],false,[18.0241,79.8531,92.4425],[-15.4973,100.37,38.7225],[-30.9877,109.741,4.32595],[-40.6887,111.345,-15.2069],[-47.9511,110.402,-28.8202],[[[0.805671,-0.169673,-0.567543],[0.31188,0.936054,0.162893],[0.503612,-0.308243,0.807069]],[[0.868388,-0.211263,-0.448631],[0.295104,0.947232,0.125158],[0.398517,-0.241078,0.88491]],[[0.868388,-0.211263,-0.448631],[0.221606,0.974674,-0.0300298],[0.443613,-0.0733419,0.893212]],[[0.868388,-0.211263,-0.448631],[0.158675,0.975523,-0.152242],[0.469813,0.0610188,0.880655]]],1],[462,[-0.414793,0.0876666,-0.905683],46,60.6239,[-28.4931,110.324,-43.782],[-29.1463,110.243,-43.5428],[-259.206,118.06,103.209],false,[27.115,79.5892,86.0086],[2.55771,97.3138,30.6262],[-11.8868,108.934,-8.84647],[-22.5585,111.189,-32.1477],[-30.5569,110.186,-47.1172],[[[0.801252,-0.36683,-0.472685],[0.454579,0.886898,0.0822775],[0.389042,-0.280798,0.877382]],[[0.824748,-0.384232,-0.414918],[0.458344,0.883949,0.0924936],[0.331227,-0.266459,0.905145]],[[0.824748,-0.384232,-0.414918],[0.384367,0.919065,-0.0870737],[0.414793,-0.0876666,0.905683]],[[0.824748,-0.384232,-0.414918],[0.313814,0.921349,-0.229429],[0.470437,0.0590137,0.880458]]],2],[463,[-0.256308,0.0848697,-0.962862],46,58.2915,[4.4441,101.32,-47.9939],[3.56127,100.448,-47.8398],[-231.455,144.037,16.7393],false,[36.0586,76.4628,80.1964],[21.5718,90.147,27.1422],[14.9593,99.8322,-11.5431],[8.53537,101.959,-35.6756],[3.0317,101.232,-51.6423],[[[0.813206,-0.469961,-0.343268],[0.522833,0.84902,0.0762232],[0.255619,-0.241457,0.93614]],[[0.83161,-0.488373,-0.264417],[0.530722,0.839099,0.119359],[0.16358,-0.239592,0.956994]],[[0.83161,-0.488373,-0.264417],[0.492677,0.868498,-0.0545956],[0.256308,-0.0848697,0.962862]],[[0.83161,-0.488373,-0.264417],[0.449915,0.871574,-0.194768],[0.325578,0.0430065,0.944537]]],3],[464,[-0.256945,-0.14866,-0.954924],46,45.6994,[26.8311,73.5801,-34.0791],[24.8777,73.9348,-34.1656],[-197.974,152.66,-66.2407],false,[43.479,67.0473,75.4959],[37.5721,79.4646,24.8681],[34.4969,80.7679,-6.94824],[29.9501,78.1372,-23.8464],[24.1895,73.6509,-37.6264],[[[0.739685,-0.628527,-0.240457],[0.663467,0.740899,0.104309],[0.112593,-0.236691,0.965039]],[[0.748188,-0.656031,-0.0991888],[0.656486,0.753634,-0.0325812],[0.0961263,-0.0407392,0.994535]],[[0.748188,-0.656031,-0.0991888],[0.611714,0.739949,-0.27979],[0.256945,0.14866,0.954924]],[[0.748188,-0.656031,-0.0991888],[0.551149,0.697756,-0.457571],[0.36939,0.287681,0.883624]]],4]],[[0,200,0],[235.247,235.247,147.751]]],[40615,690395568,[[46,"right",[-0.324597,0.416179,-0.849372],[-0.389595,-0.87711,-0.280881],[9.95167,83.9272,48.0116],[-55.4785,8.7297,8.42973],[15.1979,81.3521,50.204],0,0,1,[[0.928999,-0.337815,0.151138],[0.322366,0.939248,0.11787],[-0.181774,-0.0607793,0.98146]],57.6505,[-11.127,50.5218,327.278],[33.2772,65.3691,87.5249]]],[[460,[-0.514718,0.0710246,-0.854413],46,47.1521,[-43.206,74.287,22.2713],[-49.9933,76.9341,30.8159],[-100.773,36.2566,133.904],false,[8.24496,61.6935,98.9354],[8.24496,61.6935,98.9354],[-24.8724,72.8834,70.3398],[-40.7504,75.0744,43.983],[-53.3664,77.8609,27.2073],[[[0.631947,0.769251,-0.0943227],[-0.392732,0.422775,0.816715],[0.668136,-0.479077,0.569281]],[[0.473721,0.854185,-0.214375],[-0.487725,0.457143,0.743737],[0.733289,-0.247768,0.633166]],[[0.473721,0.854185,-0.214375],[-0.714601,0.515096,0.47331],[0.514717,-0.0710246,0.854413]],[[0.473721,0.854185,-0.214375],[-0.64853,0.503041,0.571278],[0.595816,-0.131598,0.792266]]],0],[461,[-0.461019,0.0785528,-0.883907],46,53.2059,[-46.8842,110.805,-25.206],[-48.3227,111.234,-24.1842],[-235.867,85.3506,159.468],false,[18.284,79.4901,92.4208],[-16.152,100.486,39.4695],[-32.2757,110.171,5.4533],[-42.3573,111.889,-13.8761],[-49.8912,110.988,-27.3439],[[[0.795153,-0.166457,-0.583116],[0.316351,0.934236,0.164696],[0.517353,-0.315428,0.795519]],[[0.859391,-0.208718,-0.466781],[0.298966,0.945699,0.127563],[0.41481,-0.249179,0.875125]],[[0.859391,-0.208718,-0.466781],[0.221154,0.974816,-0.0287155],[0.461019,-0.0785528,0.883907]],[[0.859391,-0.208718,-0.466781],[0.154644,0.976238,-0.151804],[0.487374,0.0582742,0.871247]]],1],[462,[-0.430947,0.0953267,-0.897328],46,60.6239,[-30.3258,111.018,-42.8438],[-31.245,111.036,-42.4546],[-267.298,116.398,114.215],false,[27.2586,79.2626,85.8242],[1.75084,97.4644,31.0292],[-13.3734,109.436,-8.08202],[-24.4607,111.889,-31.1683],[-32.7325,111.006,-45.9961],[[[0.79208,-0.364351,-0.489753],[0.457508,0.885493,0.0811676],[0.404099,-0.288357,0.868075]],[[0.816499,-0.382195,-0.43273],[0.461573,0.88236,0.0916047],[0.346813,-0.274532,0.896857]],[[0.816499,-0.382195,-0.43273],[0.384205,0.919152,-0.0868716],[0.430947,-0.0953267,0.897328]],[[0.816499,-0.382195,-0.43273],[0.310848,0.922621,-0.22835],[0.48652,0.051934,0.872124]]],2],[463,[-0.268883,0.093549,-0.958619],46,58.2915,[2.74674,102.088,-47.6808],[1.6472,101.326,-47.4705],[-237.488,137.497,23.7983],false,[36.092,76.1681,79.8291],[20.6875,90.2951,27.1508],[13.5931,100.329,-11.3598],[6.85401,102.674,-35.3859],[1.1331,102.088,-51.282],[[[0.806155,-0.468523,-0.361386],[0.525578,0.847556,0.0736005],[0.271812,-0.24927,0.929507]],[[0.826667,-0.488351,-0.279528],[0.534623,0.836601,0.119489],[0.175501,-0.24822,0.952673]],[[0.826667,-0.488351,-0.279528],[0.494292,0.867619,-0.0539752],[0.268883,-0.093549,0.958619]],[[0.826667,-0.488351,-0.279528],[0.449542,0.87196,-0.193901],[0.338429,0.0346319,0.940354]]],3],[464,[-0.268182,-0.126601,-0.955014],46,45.6994,[25.3809,74.8085,-34.4147],[23.1644,75.197,-34.4458],[-206.389,163.576,-61.2854],false,[43.4112,66.7783,74.9232],[36.6263,79.6055,24.5081],[33.1309,81.554,-7.23181],[28.3853,79.3137,-24.1315],[22.4691,75.1691,-37.9527],[[[0.7342,-0.627781,-0.258537],[0.666502,0.738991,0.0983245],[0.12933,-0.244505,0.960984]],[[0.745053,-0.655697,-0.1223],[0.657996,0.752564,-0.0262641],[0.10926,-0.0609047,0.992146]],[[0.745053,-0.655697,-0.1223],[0.610716,0.744334,-0.27017],[0.268182,0.126601,0.955013]],[[0.745053,-0.655697,-0.1223],[0.548614,0.706706,-0.446754],[0.379365,0.26576,0.886258]]],4]],[[0,200,0],[235.247,235.247,147.751]]],[40616,690404319,[[46,"right",[-0.340753,0.425073,-0.83857],[-0.398774,-0.873088,-0.280528],[9.15807,83.8665,48.2881],[-64.9182,4.52798,14.6404],[15.0701,81.4054,50.1634],0,0,1,[[0.927515,-0.341825,0.151234],[0.32675,0.937958,0.116055],[-0.181522,-0.0582273,0.981661]],57.6505,[-11.1062,50.6406,326.935],[33.2364,64.8644,87.1332]]],[[460,[-0.532454,0.0819641,-0.842481],46,47.1521,[-43.6386,74.4591,22.8021],[-51.1528,77.315,32.3021],[-107.935,38.7127,143.401],false,[8.43526,61.1767,99.0339],[8.43526,61.1767,99.0339],[-25.2334,72.8122,71.2721],[-41.6585,75.3406,45.2833],[-54.544,78.2976,28.7433],[[[0.632779,0.767763,-0.100646],[-0.373873,0.416758,0.828572],[0.678092,-0.486674,0.550762]],[[0.473259,0.854028,-0.216015],[-0.469322,0.451953,0.758601],[0.745495,-0.257634,0.614705]],[[0.473259,0.854028,-0.216015],[-0.701797,0.51373,0.49352],[0.532454,-0.0819641,0.842481]],[[0.473259,0.854028,-0.216015],[-0.636946,0.501134,0.585802],[0.608544,-0.139646,0.781136]]],0],[461,[-0.481198,0.0857529,-0.872408],46,53.2059,[-48.9233,111.438,-23.6168],[-50.577,111.985,-22.3745],[-243.454,84.5901,172.934],false,[18.4037,78.995,92.4704],[-17.0553,100.597,40.4464],[-33.9011,110.682,6.89945],[-44.424,112.557,-12.1785],[-52.2761,111.726,-25.4678],[[[0.782091,-0.164048,-0.601183],[0.323327,0.931537,0.166428],[0.532722,-0.324541,0.781588]],[[0.847897,-0.207104,-0.488035],[0.305364,0.943288,0.130234],[0.433386,-0.259454,0.863053]],[[0.847897,-0.207104,-0.488035],[0.222529,0.974554,-0.0269481],[0.481198,-0.0857529,0.872408]],[[0.847897,-0.207104,-0.488035],[0.151809,0.976841,-0.150786],[0.507961,0.053763,0.859701]]],1],[462,[-0.449708,0.104741,-0.887013],46,60.6239,[-32.8756,111.923,-41.4656],[-33.8256,111.951,-41.0371],[-275.287,113.074,127.089],false,[27.2368,78.7948,85.6848],[0.654644,97.5875,31.6046],[-15.2424,109.99,-7.06344],[-26.8124,112.685,-29.8843],[-35.4065,111.95,-44.5359],[[[0.780218,-0.362771,-0.509565],[0.462511,0.883041,0.0795145],[0.421121,-0.297718,0.85675]],[[0.805661,-0.381149,-0.45347],[0.466931,0.879682,0.0901906],[0.364534,-0.284403,0.886696]],[[0.805661,-0.381149,-0.45347],[0.385581,0.918561,-0.0870202],[0.449708,-0.104741,0.887013]],[[0.805661,-0.381149,-0.45347],[0.308869,0.923504,-0.227465],[0.50548,0.0431966,0.861757]]],2],[463,[-0.283073,0.104485,-0.95339],46,58.2915,[0.392643,103.053,-47.1531],[-0.714806,102.314,-46.9143],[-244.071,129.025,33.529],false,[35.9305,75.7227,79.4777],[19.478,90.3846,27.2645],[11.8465,100.839,-11.0309],[4.7518,103.458,-34.926],[-1.21705,103.057,-50.7364],[[[0.796585,-0.468157,-0.382468],[0.530261,0.844925,0.070176],[0.290303,-0.258709,0.9213]],[[0.819695,-0.489755,-0.297051],[0.540795,0.832618,0.119535],[0.188787,-0.258626,0.94735]],[[0.819695,-0.489755,-0.297051],[0.497965,0.865577,-0.0529909],[0.283073,-0.104485,0.95339]],[[0.819695,-0.489755,-0.297051],[0.451024,0.871538,-0.192351],[0.353096,0.023692,0.935287]]],3],[464,[-0.285174,-0.10159,-0.953077],46,45.6994,[23.0685,76.484,-34.7193],[20.8181,76.5809,-34.6012],[-224.179,166.886,-49.7439],false,[43.109,66.3513,74.3344],[35.3166,79.6614,24.1909],[31.2359,82.3545,-7.42446],[26.1896,80.5568,-24.2899],[20.0252,76.7971,-38.1126],[[[0.726192,-0.628081,-0.279569],[0.671254,0.735626,0.0909512],[0.148534,-0.25371,0.955808]],[[0.739425,-0.656012,-0.151321],[0.661044,0.750041,-0.0214321],[0.127557,-0.0841826,0.988252]],[[0.739425,-0.656012,-0.151321],[0.609857,0.747882,-0.262196],[0.285174,0.10159,0.953077]],[[0.739425,-0.656012,-0.151321],[0.544982,0.715211,-0.437569],[0.395277,0.241082,0.886361]]],4]],[[0,200,0],[235.247,235.247,147.751]]],[40617,690416604,[[46,"right",[-0.354008,0.432154,-0.82941],[-0.406264,-0.869855,-0.279826],[8.47625,83.8286,48.5804],[-61.5767,1.8274,17.887],[14.8538,81.4849,50.1115],0,0,0.988827,[[0.926291,-0.345114,0.151267],[0.330348,0.936879,0.114581],[-0.181263,-0.0561647,0.98183]],57.6505,[-11.1098,50.7542,326.705],[33.1694,64.4743,86.8615]]],[[460,[-0.547062,0.091245,-0.832104],46,47.1521,[-44.1866,74.6767,23.4856],[-52.1129,77.6521,33.6115],[-96.0624,35.3403,130.102],false,[8.56813,60.7728,99.1659],[8.56813,60.7728,99.1659],[-25.5412,72.784,72.1111],[-42.4169,75.5987,46.4424],[-55.5056,78.6865,30.0869],[[[0.633272,0.766619,-0.106122],[-0.35811,0.411817,0.837952],[0.686093,-0.492649,0.535326]],[[0.473089,0.853768,-0.217409],[-0.453631,0.447603,0.77063],[0.755253,-0.265953,0.599051]],[[0.473089,0.853768,-0.217409],[-0.690587,0.512595,0.510231],[0.547062,-0.091245,0.832104]],[[0.473089,0.853768,-0.217409],[-0.627767,0.499814,0.596737],[0.618139,-0.145827,0.772424]]],0],[461,[-0.498518,0.0913326,-0.862054],46,53.2059,[-51.2045,112.128,-21.7693],[-52.4807,112.589,-20.7662],[-213.974,71.4621,159.02],false,[18.4751,78.609,92.5584],[-17.8185,100.692,41.318],[-35.2825,111.109,8.19102],[-46.1842,113.106,-10.6605],[-54.3088,112.322,-23.7879],[[[0.770997,-0.161962,-0.615899],[0.32902,0.929352,0.167484],[0.545261,-0.331772,0.769816]],[[0.837642,-0.205334,-0.506156],[0.310634,0.94129,0.132214],[0.449291,-0.267977,0.852248]],[[0.837642,-0.205334,-0.506156],[0.223238,0.974421,-0.0258589],[0.498518,-0.0913326,0.862054]],[[0.837642,-0.205334,-0.506156],[0.14869,0.977375,-0.150427],[0.525592,0.0507439,0.849222]]],1],[462,[-0.465263,0.111855,-0.878077],46,60.6239,[-35.2821,112.73,-40.0769],[-35.9731,112.681,-39.7695],[-240.279,93.6779,118.743],false,[27.1881,78.4323,85.6185],[-0.274525,97.6953,32.1472],[-16.8054,110.443,-6.14095],[-28.7755,113.321,-28.7319],[-37.6379,112.692,-43.2278],[[[0.770113,-0.36134,-0.525699],[0.46652,0.881081,0.0778079],[0.435069,-0.30517,0.847105]],[[0.796382,-0.380132,-0.470399],[0.471257,0.877524,0.0887024],[0.379068,-0.29232,0.877984]],[[0.796382,-0.380132,-0.470399],[0.386402,0.918144,-0.0877824],[0.465263,-0.111855,0.878077]],[[0.796382,-0.380132,-0.470399],[0.306702,0.924192,-0.227601],[0.521258,0.0369852,0.852597]]],2],[463,[-0.294981,0.112597,-0.948846],46,58.2915,[-1.71161,103.832,-46.6016],[-2.69024,103.095,-46.3729],[-213.44,103.721,36.5594],false,[35.7629,75.3799,79.2387],[18.4483,90.4691,27.4276],[10.3675,101.24,-10.6875],[2.97429,104.062,-34.4687],[-3.20268,103.798,-50.2018],[[[0.788369,-0.467694,-0.39967],[0.533981,0.842837,0.0670145],[0.305515,-0.266248,0.914206]],[[0.813774,-0.490821,-0.311234],[0.545721,0.829515,0.11872],[0.199903,-0.266458,0.942889]],[[0.813774,-0.490821,-0.311234],[0.500758,0.863954,-0.0531548],[0.294981,-0.112597,0.948846]],[[0.813774,-0.490821,-0.311234],[0.451939,0.871119,-0.1921],[0.365408,0.0156669,0.930715]]],3],[464,[-0.298347,-0.0783831,-0.951234],46,45.6994,[20.3528,78.4548,-34.9072],[18.8877,77.8783,-34.6416],[-201.388,148.909,-33.0868],false,[42.822,66.0252,73.9035],[34.1982,79.7223,24.0009],[29.6505,83.0927,-7.48549],[24.3711,81.7056,-24.3183],[18.0166,78.3082,-38.1487],[[[0.719291,-0.628155,-0.296717],[0.67498,0.732977,0.0845382],[0.164383,-0.261086,0.951216]],[[0.734142,-0.655728,-0.176225],[0.663948,0.74761,-0.0158679],[0.142152,-0.105355,0.984222]],[[0.734142,-0.655728,-0.176225],[0.609938,0.750917,-0.253179],[0.298347,0.0783831,0.951234]],[[0.734142,-0.655728,-0.176225],[0.543143,0.722882,-0.427127],[0.407469,0.217857,0.886852]]],4]],[[0,200,0],[235.247,235.247,147.751]]],[40618,690431378,[[46,"right",[-0.364497,0.436819,-0.822394],[-0.411914,-0.867682,-0.278308],[7.80282,83.8705,48.8868],[-55.0254,2.23967,19.0539],[14.5593,81.5845,50.0603],0,0,0.98979,[[0.925292,-0.348049,0.150655],[0.333507,0.935862,0.113735],[-0.180578,-0.0549937,0.982022]],57.6505,[-11.1313,50.8498,326.622],[32.9805,64.2838,86.7315]]],[[460,[-0.558706,0.0977108,-0.82359],46,47.1521,[-44.7585,74.9025,24.2027],[-52.9908,77.9524,34.7322],[-80.0755,29.5802,107.623],false,[8.5435,60.5739,99.3565],[8.5435,60.5739,99.3565],[-25.9063,72.8393,72.8527],[-43.1412,75.8535,47.4467],[-56.3835,79.0186,31.2302],[[[0.633362,0.765822,-0.111219],[-0.345657,0.408552,0.844752],[0.692369,-0.49659,0.523473]],[[0.472658,0.853502,-0.219382],[-0.441299,0.444722,0.779409],[0.762791,-0.271581,0.586851]],[[0.472658,0.853502,-0.219382],[-0.6815,0.511846,0.523041],[0.558706,-0.0977108,0.82359]],[[0.472658,0.853502,-0.219382],[-0.620868,0.499188,0.604429],[0.625394,-0.149481,0.765857]]],0],[461,[-0.512431,0.0946758,-0.853493],46,53.2059,[-53.168,112.675,-20.1783],[-54.1281,113.048,-19.4169],[-173.6,54.526,132.202],false,[18.396,78.4212,92.6974],[-18.554,100.822,42.0677],[-36.5154,111.466,9.28085],[-47.7213,113.537,-9.38343],[-56.0639,112.771,-22.3745],[[[0.76209,-0.160601,-0.627237],[0.333253,0.927871,0.167325],[0.555122,-0.336545,0.760642]],[[0.829175,-0.203951,-0.520454],[0.314554,0.939902,0.132818],[0.462087,-0.27384,0.843497]],[[0.829175,-0.203951,-0.520454],[0.223346,0.974392,-0.0260082],[0.512431,-0.0946758,0.853493]],[[0.829175,-0.203951,-0.520454],[0.145604,0.977725,-0.15117],[0.539693,0.0495664,0.840402]]],1],[462,[-0.477274,0.116805,-0.870957],46,60.6239,[-37.212,113.323,-38.9531],[-37.7972,113.237,-38.7007],[-192.71,70.6756,99.7625],false,[27.012,78.2597,85.6372],[-1.14445,97.8331,32.6417],[-18.1722,110.811,-5.35031],[-30.4514,113.816,-27.7581],[-39.5193,113.264,-42.1294],[[[0.76203,-0.360403,-0.537977],[0.469403,0.879747,0.0755333],[0.446062,-0.310087,0.839569]],[[0.788971,-0.379478,-0.48324],[0.474409,0.876032,0.0866238],[0.390462,-0.297597,0.871192]],[[0.788971,-0.379478,-0.48324],[0.386954,0.917798,-0.0889592],[0.477274,-0.116805,0.870957]],[[0.788971,-0.379478,-0.48324],[0.305071,0.924631,-0.228013],[0.533344,0.0324738,0.845275]]],2],[463,[-0.304792,0.117804,-0.945105],46,58.2915,[-3.45346,104.376,-46.1035],[-4.40608,103.678,-45.8679],[-173.146,75.8365,35.1112],false,[35.4916,75.2203,79.1254],[17.4963,90.5913,27.63],[9.04512,101.571,-10.345],[1.40603,104.524,-34.0324],[-4.94203,104.344,-49.6985],[[[0.781798,-0.467394,-0.412717],[0.536627,0.841417,0.0636293],[0.317527,-0.27122,0.908634]],[[0.809026,-0.491605,-0.322183],[0.549336,0.827375,0.116967],[0.209065,-0.271616,0.939424]],[[0.809026,-0.491605,-0.322183],[0.502573,0.862813,-0.0545311],[0.304792,-0.117804,0.945105]],[[0.809026,-0.491605,-0.322183],[0.452167,0.870753,-0.193219],[0.375529,0.0106383,0.926749]]],3],[464,[-0.311096,-0.0621713,-0.948343],46,45.6994,[18.024,79.9181,-34.8491],[17.132,78.8768,-34.5402],[-169.681,117.463,-15.9841],false,[42.4569,65.8767,73.6491],[33.1747,79.8287,23.9356],[28.187,83.6774,-7.42911],[22.6819,82.5772,-24.2108],[16.1424,79.4319,-38.0145],[[[0.713808,-0.628202,-0.309581],[0.677623,0.731188,0.0786862],[0.176931,-0.265946,0.947612]],[[0.729624,-0.655038,-0.196404],[0.665839,0.745957,-0.0143504],[0.155909,-0.120303,0.980418]],[[0.729624,-0.655038,-0.196404],[0.60899,0.753034,-0.249141],[0.311096,0.0621713,0.948343]],[[0.729624,-0.655038,-0.196404],[0.540191,0.728181,-0.421836],[0.419337,0.201686,0.885144]]],4]],[[0,200,0],[235.247,235.247,147.751]]],[40619,690440349,[[46,"right",[-0.369579,0.439272,-0.818811],[-0.414211,-0.866687,-0.277998],[7.41953,83.9283,49.0682],[-51.6575,3.39141,19.3758],[14.3734,81.6455,50.0345],0,0,1,[[0.925094,-0.348757,0.150233],[0.334333,0.935624,0.113266],[-0.180064,-0.0545539,0.982141]],57.6505,[-11.1551,50.8975,326.614],[32.8312,64.224,86.695]]],[[460,[-0.564282,0.100939,-0.819388],46,47.1521,[-45.0751,75.0269,24.599],[-53.4657,78.1103,35.2953],[-72.1566,26.4009,95.1798],false,[8.47454,60.4932,99.4682],[8.47454,60.4932,99.4682],[-26.1368,72.872,73.229],[-43.5437,75.9858,47.9526],[-56.8593,79.1885,31.8035],[[[0.633067,0.76577,-0.113236],[-0.339929,0.40643,0.848094],[0.695468,-0.498408,0.517605]],[[0.472047,0.853703,-0.219915],[-0.435719,0.442792,0.783635],[0.766369,-0.274092,0.580993]],[[0.472047,0.853703,-0.219915],[-0.677316,0.510884,0.529378],[0.564282,-0.100939,0.819388]],[[0.472047,0.853703,-0.219915],[-0.617831,0.498311,0.608252],[0.628853,-0.151253,0.762671]]],0],[461,[-0.519106,0.0966244,-0.849231],46,53.2059,[-54.031,112.925,-19.4789],[-54.9839,113.315,-18.7178],[-153.062,47.735,117.886],false,[18.2938,78.3532,92.7941],[-18.9713,100.913,42.4669],[-37.1742,111.68,9.85359],[-48.526,113.793,-8.71748],[-56.9723,113.041,-21.6422],[[[0.757908,-0.159308,-0.63261],[0.334867,0.927223,0.167693],[0.559856,-0.338936,0.756097]],[[0.825102,-0.202601,-0.527408],[0.316072,0.939273,0.133661],[0.468301,-0.276983,0.839032]],[[0.825102,-0.202601,-0.527408],[0.223015,0.974483,-0.0254463],[0.519106,-0.0966244,0.849231]],[[0.825102,-0.202601,-0.527408],[0.143734,0.978052,-0.150849],[0.546395,0.0486591,0.836113]]],1],[462,[-0.482976,0.119477,-0.867444],46,60.6239,[-38.0499,113.619,-38.4488],[-38.7255,113.573,-38.137],[-168.496,61.714,89.7634],false,[26.8638,78.2062,85.6777],[-1.62502,97.9403,32.9198],[-18.8857,111.054,-4.92011],[-31.3116,114.128,-27.2375],[-40.4773,113.613,-41.5481],[[[0.758313,-0.359354,-0.543899],[0.470389,0.879276,0.074888],[0.451326,-0.312633,0.835802]],[[0.785541,-0.378552,-0.489513],[0.475673,0.87537,0.0863866],[0.395804,-0.300708,0.867706]],[[0.785541,-0.378552,-0.489513],[0.386859,0.917836,-0.088977],[0.482976,-0.119477,0.867444]],[[0.785541,-0.378552,-0.489513],[0.303806,0.925085,-0.227861],[0.539098,0.0302769,0.841698]]],2],[463,[-0.309583,0.120528,-0.943203],46,58.2915,[-4.29364,104.678,-45.8363],[-5.29167,104.029,-45.5784],[-152.843,64.8351,34.1438],false,[35.2991,75.1799,79.1026],[16.9786,90.7019,27.7675],[8.3397,101.787,-10.1346],[0.580522,104.808,-33.7744],[-5.84886,104.674,-49.4077],[[[0.778832,-0.466698,-0.419063],[0.537513,0.84094,0.0624429],[0.323265,-0.273884,0.905807]],[[0.806925,-0.491442,-0.327653],[0.550636,0.82661,0.116255],[0.213709,-0.274226,0.937618]],[[0.806925,-0.491442,-0.327653],[0.503021,0.86253,-0.0548849],[0.309583,-0.120528,0.943203]],[[0.806925,-0.491442,-0.327653],[0.451899,0.870874,-0.193299],[0.38034,0.00791171,0.924813]]],3],[464,[-0.318031,-0.052313,-0.946636],46,45.6994,[17.029,80.6011,-34.7513],[16.2084,79.5374,-34.4402],[-153.421,106.696,-7.79618],false,[42.2233,65.8475,73.5557],[32.6265,79.9408,23.9418],[27.3972,84.0879,-7.34536],[21.7694,83.1621,-24.0968],[15.1299,80.1676,-37.8864],[[[0.711421,-0.627749,-0.315927],[0.67854,0.730592,0.0762821],[0.182928,-0.268638,0.945712]],[[0.72741,-0.653841,-0.208247],[0.66645,0.745444,-0.0125829],[0.163464,-0.129633,0.977995]],[[0.72741,-0.653841,-0.208247],[0.608056,0.754821,-0.245995],[0.318031,0.052313,0.946636]],[[0.72741,-0.653841,-0.208247],[0.538162,0.731861,-0.418044],[0.425742,0.192019,0.884235]]],4]],[[0,200,0],[235.247,235.247,147.751]]],[40620,690458729,[[46,"right",[-0.376127,0.445623,-0.812372],[-0.417486,-0.864219,-0.280768],[6.77305,84.0043,49.3831],[-43.7307,3.75015,18.2977],[13.9806,81.7674,50.0008],0,0,1,[[0.925706,-0.347375,0.149661],[0.333274,0.936204,0.111582],[-0.178874,-0.0534138,0.982421]],57.6505,[-11.2099,50.9519,326.633],[32.4858,63.9999,86.6452]]],[[460,[-0.571833,0.108725,-0.813133],46,47.1521,[-45.657,75.2555,25.3192],[-54.2354,78.398,36.1001],[-57.0107,21.4239,70.3238],false,[8.2357,60.1996,99.5994],[8.2357,60.1996,99.5994],[-26.581,72.8399,73.7595],[-44.2208,76.1938,48.676],[-57.6276,79.5094,32.6255],[[[0.632873,0.765957,-0.113058],[-0.332218,0.40054,0.853931],[0.699359,-0.50287,0.507956]],[[0.471598,0.8546,-0.21738],[-0.42812,0.437407,0.790816],[0.770914,-0.279882,0.572151]],[[0.471598,0.8546,-0.21738],[-0.671269,0.507777,0.539964],[0.571833,-0.108725,0.813133]],[[0.471598,0.8546,-0.21738],[-0.613763,0.495115,0.614944],[0.633159,-0.156587,0.758017]]],0],[461,[-0.527733,0.103343,-0.8431],46,53.2059,[-55.5674,113.567,-18.1669],[-56.2392,113.964,-17.5985],[-113.164,42.2475,91.1152],false,[18.0161,78.0983,92.9721],[-19.6556,101.063,43.133],[-38.1699,112.134,10.798],[-49.7104,114.394,-7.63898],[-58.2915,113.728,-20.4794],[[[0.752289,-0.155413,-0.640241],[0.337262,0.92564,0.171594],[0.565965,-0.345017,0.748764]],[[0.819534,-0.198984,-0.537373],[0.318577,0.937705,0.138632],[0.476311,-0.284808,0.831873]],[[0.819534,-0.198984,-0.537373],[0.223297,0.974539,-0.0203172],[0.527733,-0.103343,0.8431]],[[0.819534,-0.198984,-0.537373],[0.142148,0.979056,-0.145749],[0.55512,0.04306,0.830655]]],1],[462,[-0.490605,0.126168,-0.8622],46,60.6239,[-39.5702,114.42,-37.4216],[-40.0829,114.349,-37.195],[-123.377,52.4129,71.4733],false,[26.5245,77.9951,85.7815],[-2.39498,98.1432,33.416],[-19.9596,111.586,-4.1679],[-32.5818,114.832,-26.3504],[-41.8801,114.414,-40.5783],[[[0.753245,-0.356104,-0.553003],[0.471933,0.878241,0.0772809],[0.458149,-0.319192,0.829588]],[[0.780796,-0.375638,-0.499253],[0.47763,0.874003,0.089379],[0.402775,-0.308245,0.861834]],[[0.780796,-0.375638,-0.499253],[0.386865,0.918138,-0.0857787],[0.490605,-0.126168,0.8622]],[[0.780796,-0.375638,-0.499253],[0.302097,0.926441,-0.224597],[0.546896,0.0245409,0.836841]]],2],[463,[-0.316491,0.127608,-0.939973],46,58.2915,[-5.71169,105.472,-45.2685],[-6.6294,104.84,-45.029],[-114.76,53.909,32.0701],false,[34.9,75.0088,79.1123],[16.1562,90.9244,28.0513],[7.25016,102.294,-9.70458],[-0.682139,105.492,-33.2634],[-7.22959,105.475,-48.8482],[[[0.774722,-0.46438,-0.429136],[0.538908,0.839932,0.0639799],[0.330734,-0.280831,0.900971]],[[0.803833,-0.490062,-0.337181],[0.552551,0.825068,0.118108],[0.220317,-0.281249,0.934002]],[[0.803833,-0.490062,-0.337181],[0.503673,0.862296,-0.0525245],[0.316491,-0.127608,0.939973]],[[0.803833,-0.490062,-0.337181],[0.451478,0.871687,-0.190605],[0.387325,0.00098449,0.921943]]],3],[464,[-0.327731,-0.0318764,-0.944233],46,45.6994,[15.2436,82.2353,-34.4649],[14.8236,80.92,-34.2268],[-118.772,93.4308,2.8354],false,[41.7666,65.7104,73.438],[31.7595,80.1762,24.0128],[26.1785,84.937,-7.12592],[20.3791,84.3729,-23.8348],[13.603,81.6943,-37.623],[[[0.708029,-0.626117,-0.326607],[0.679933,0.729346,0.0758004],[0.19075,-0.27574,0.942116]],[[0.723742,-0.650885,-0.229228],[0.667655,0.744448,-0.00584636],[0.174454,-0.148814,0.973355]],[[0.723742,-0.650885,-0.229228],[0.60728,0.758507,-0.236386],[0.327731,0.0318764,0.944233]],[[0.723742,-0.650885,-0.229228],[0.536103,0.739491,-0.40712],[0.434501,0.17176,0.884142]]],4]],[[0,200,0],[235.247,235.247,147.751]]],[40621,690476571,[[46,"right",[-0.380363,0.449836,-0.808066],[-0.419591,-0.862576,-0.282676],[6.30438,84.0694,49.634],[-35.5092,3.70232,16.3012],[13.6182,81.8761,49.9835],0,0,1,[[0.926206,-0.346275,0.149119],[0.332397,0.93665,0.110448],[-0.177917,-0.0527306,0.982632]],57.6505,[-11.2503,50.9855,326.692],[32.2116,63.8666,86.6535]]],[[460,[-0.576654,0.113685,-0.80904],46,47.1521,[-46.1652,75.4541,25.9429],[-54.7805,78.5885,36.6657],[-44.2048,16.3677,52.0154],false,[8.03159,60.0174,99.7238],[8.03159,60.0174,99.7238],[-26.9158,72.8198,74.1414],[-44.7044,76.3267,49.1843],[-58.1739,79.7173,33.2021],[[[0.632719,0.766119,-0.112822],[-0.327203,0.396542,0.857726],[0.701858,-0.505784,0.501576]],[[0.47118,0.855266,-0.21566],[-0.42333,0.433779,0.795379],[0.773809,-0.283472,0.566448]],[[0.47118,0.855266,-0.21566],[-0.667427,0.505565,0.546759],[0.576654,-0.113685,0.80904]],[[0.47118,0.855266,-0.21566],[-0.611013,0.492828,0.619503],[0.636123,-0.160126,0.75479]]],0],[461,[-0.53319,0.10789,-0.839088],46,53.2059,[-56.5721,114.046,-17.2782],[-57.0959,114.41,-16.8169],[-82.9361,34.5077,69.2137],false,[17.7862,77.9425,93.1301],[-20.1479,101.175,43.615],[-38.8582,112.449,11.4639],[-50.5181,114.809,-6.88537],[-59.1847,114.202,-19.6712],[[[0.748613,-0.152723,-0.645178],[0.338799,0.924581,0.174254],[0.569907,-0.349035,0.743896]],[[0.815925,-0.196507,-0.543738],[0.320253,0.936618,0.142073],[0.481357,-0.290054,0.827142]],[[0.815925,-0.196507,-0.543738],[0.22355,0.974549,-0.0167454],[0.53319,-0.10789,0.839088]],[[0.815925,-0.196507,-0.543738],[0.141199,0.979717,-0.142189],[0.56065,0.0392402,0.827122]]],1],[462,[-0.495727,0.130555,-0.85861],46,60.6239,[-40.5339,114.955,-36.7345],[-41.0162,114.88,-36.5213],[-90.3586,41.7954,55.8656],false,[26.2544,77.8694,85.8918],[-2.94346,98.2921,33.7877],[-20.709,111.958,-3.62058],[-33.4629,115.317,-25.7107],[-42.8507,114.961,-39.8814],[[[0.749927,-0.353841,-0.558933],[0.472914,0.877564,0.07896],[0.46256,-0.323541,0.825445]],[[0.777608,-0.373542,-0.505758],[0.478922,0.873074,0.091514],[0.40738,-0.313381,0.857808]],[[0.777608,-0.373542,-0.505758],[0.386756,0.91838,-0.0836541],[0.495727,-0.130555,0.85861]],[[0.777608,-0.373542,-0.505758],[0.300743,0.927377,-0.222545],[0.552158,0.0209497,0.833476]]],2],[463,[-0.321374,0.132218,-0.937676],46,58.2915,[-6.6676,105.998,-44.8492],[-7.57318,105.386,-44.6092],[-85.9966,42.4318,28.0663],false,[34.5908,74.9108,79.1614],[15.573,91.0885,28.2843],[6.47954,102.648,-9.36905],[-1.57516,105.961,-32.8703],[-8.20634,106.019,-48.4196],[[[0.772025,-0.462737,-0.435721],[0.539789,0.83928,0.0650981],[0.335569,-0.285455,0.897724]],[[0.801722,-0.488972,-0.343726],[0.553749,0.8241,0.119253],[0.224953,-0.285946,0.931467]],[[0.801722,-0.488972,-0.343726],[0.503945,0.862221,-0.0511411],[0.321374,-0.132218,0.937676]],[[0.801722,-0.488972,-0.343726],[0.450954,0.872293,-0.189067],[0.392278,-0.00342536,0.91984]]],3],[464,[-0.334127,-0.0173194,-0.942369],46,45.6994,[14.1655,83.3139,-34.2195],[13.8649,81.9176,-34.0238],[-90.0667,76.8557,7.84102],false,[41.4198,65.6363,73.4034],[31.1467,80.3508,24.1063],[25.3289,85.5432,-6.91991],[19.4162,85.2367,-23.5959],[12.5513,82.7854,-37.3823],[[[0.705802,-0.624935,-0.333617],[0.680807,0.728552,0.0755895],[0.195819,-0.28048,0.939673]],[[0.721092,-0.648546,-0.243751],[0.668547,0.74367,-0.000905938],[0.181858,-0.162306,0.969837]],[[0.721092,-0.648546,-0.243751],[0.606948,0.760978,-0.229185],[0.334127,0.0173194,0.942369]],[[0.721092,-0.648546,-0.243751],[0.535023,0.744769,-0.398834],[0.440201,0.157183,0.884034]]],4]],[[0,200,0],[235.247,235.247,147.751]]],[40622,690494683,[[46,"right",[-0.3841,0.452442,-0.804838],[-0.420514,-0.86177,-0.283762],[5.95105,84.1539,49.8471],[-27.895,4.16011,14.144],[13.2856,81.9749,49.9776],0,0,1,[[0.92674,-0.344999,0.148755],[0.331241,0.937134,0.109815],[-0.177289,-0.0524964,0.982758]],57.6505,[-11.2793,51.0111,326.752],[32.0292,63.835,86.6826]]],[[460,[-0.580475,0.116916,-0.805841],46,47.1521,[-46.6196,75.6308,26.4998],[-55.1712,78.7165,37.1176],[-32.7204,11.7982,38.6291],false,[7.90865,59.9318,99.8464],[7.90865,59.9318,99.8464],[-27.1469,72.8282,74.46],[-45.0533,76.4348,49.6015],[-58.5417,79.8442,33.6393],[[[0.631928,0.766745,-0.113001],[-0.323557,0.393485,0.860512],[0.704257,-0.507219,0.49674]],[[0.470313,0.856013,-0.214588],[-0.419897,0.430932,0.798739],[0.776204,-0.285552,0.56211]],[[0.470313,0.856013,-0.214588],[-0.664721,0.50356,0.551881],[0.580475,-0.116916,0.805841]],[[0.470313,0.856013,-0.214588],[-0.610749,0.49124,0.621022],[0.637017,-0.161015,0.753846]]],0],[461,[-0.537671,0.110596,-0.83587],46,53.2059,[-57.3472,114.4,-16.584],[-57.7857,114.707,-16.1914],[-61.9682,26.1826,53.0233],false,[17.6273,77.8831,93.2709],[-20.5339,101.27,44.0035],[-39.4119,112.673,11.9963],[-51.1697,115.092,-6.28261],[-59.9045,114.518,-19.0234],[[[0.745811,-0.150229,-0.648998],[0.33922,0.924113,0.17591],[0.57332,-0.351349,0.740174]],[[0.813164,-0.194038,-0.548739],[0.320769,0.936096,0.14433],[0.485667,-0.293382,0.823441]],[[0.813164,-0.194038,-0.548739],[0.222879,0.97474,-0.0143962],[0.537671,-0.110596,0.83587]],[[0.813164,-0.194038,-0.548739],[0.139548,0.980291,-0.139844],[0.565059,0.0371407,0.824214]]],1],[462,[-0.500013,0.133225,-0.855709],46,60.6239,[-41.3022,115.344,-36.1824],[-41.7656,115.256,-35.98],[-67.5367,31.8867,43.8045],false,[26.0635,77.838,85.995],[-3.37208,98.427,34.0905],[-21.3104,112.245,-3.17932],[-34.1746,115.673,-25.1948],[-43.6355,115.348,-39.3176],[[[0.747582,-0.35164,-0.563446],[0.47293,0.877473,0.0798645],[0.466325,-0.326176,0.822284]],[[0.775313,-0.371373,-0.510854],[0.479257,0.872744,0.0929048],[0.411342,-0.316861,0.854633]],[[0.775313,-0.371373,-0.510854],[0.385846,0.918876,-0.0823997],[0.500013,-0.133225,0.855709]],[[0.775313,-0.371373,-0.510854],[0.29874,0.928288,-0.221441],[0.556457,0.0190734,0.830658]]],2],[463,[-0.325463,0.135179,-0.935842],46,58.2915,[-7.43531,106.394,-44.5067],[-8.33072,105.793,-44.2664],[-65.2844,32.6293,23.7311],false,[34.3711,74.9056,79.2178],[15.1226,91.2494,28.4808],[5.86487,102.932,-9.09423],[-2.2923,106.32,-32.5495],[-8.99114,106.426,-48.0695],[[[0.770264,-0.460947,-0.440705],[0.539757,0.839263,0.0655767],[0.33964,-0.288385,0.895253]],[[0.800419,-0.487522,-0.348787],[0.553969,0.82389,0.119679],[0.229016,-0.28901,0.929529]],[[0.800419,-0.487522,-0.348787],[0.503393,0.862583,-0.0504703],[0.325463,-0.135179,0.935842]],[[0.800419,-0.487522,-0.348787],[0.449769,0.873088,-0.188214],[0.39628,-0.0062235,0.918108]]],3],[464,[-0.339783,-0.00634736,-0.940483],46,45.6994,[13.3161,84.1704,-33.9863],[13.1008,82.7392,-33.8295],[-69.0668,62.3312,10.1528],false,[41.178,65.6534,73.398],[30.6817,80.5321,24.1974],[24.6578,86.059,-6.73157],[18.6451,85.9467,-23.3741],[11.7012,83.6632,-37.1498],[[[0.704554,-0.623518,-0.338864],[0.680862,0.728555,0.0750668],[0.200076,-0.283608,0.937836]],[[0.719354,-0.645935,-0.255533],[0.668635,0.743586,0.00264925],[0.188299,-0.172764,0.966797]],[[0.719354,-0.645935,-0.255533],[0.605869,0.763366,-0.224044],[0.339783,0.00634736,0.940483]],[[0.719354,-0.645935,-0.255533],[0.533167,0.749218,-0.392944],[0.445266,0.146424,0.883345]]],4]],[[0,200,0],[235.247,235.247,147.751]]],[40623,69